23 2.3E-05
62 6.2E-05
195 0.000195
247 0.000247
275 0.000275
284 0.000284
682 0.000682
891 0.000891
919 0.000919
1235 0.001235
1292 0.001292
1391 0.001391
1429 0.001429
1484 0.001484
1507 0.001507
1758 0.001758
1799 0.001799
1816 0.001816
1834 0.001834
2071 0.002071
2085 0.002085
2197 0.002197
2231 0.002231
2292 0.002292
2333 0.002333
2375 0.002375
2389 0.002389
2478 0.002478
2506 0.002506
2547 0.002547
2760 0.00276
2871 0.002871
2888 0.002888
2945 0.002945
2956 0.002956
3266 0.003266
3318 0.003318
3413 0.003413
3430 0.00343
3475 0.003475
3821 0.003821
3828 0.003828
3929 0.003929
3996 0.003996
4454 0.004454
4534 0.004534
4742 0.004742
4766 0.004766
4900 0.0049
5022 0.005022
5241 0.005241
5302 0.005302
5388 0.005388
5391 0.005391
5402 0.005402
5430 0.00543
5459 0.005459
5462 0.005462
5549 0.005549
5743 0.005743
5851 0.005851
5947 0.005947
6073 0.006073
6083 0.006083
6556 0.006556
6701 0.006701
6777 0.006777
6777 0.006777
6928 0.006928
6949 0.006949
7112 0.007112
7293 0.007293
7316 0.007316
7337 0.007337
7405 0.007405
7495 0.007495
7596 0.007596
7672 0.007672
7700 0.0077
7928 0.007928
8219 0.008219
8305 0.008305
8349 0.008349
8422 0.008422
8609 0.008609
8616 0.008616
8677 0.008677
8694 0.008694
8734 0.008734
8831 0.008831
8860 0.00886
8926 0.008926
8961 0.008961
8966 0.008966
9014 0.009014
9526 0.009526
9599 0.009599
9713 0.009713
9767 0.009767
9976 0.009976
10066 0.010066
10223 0.010223
10247 0.010247
10306 0.010306
10656 0.010656
10700 0.0107
10883 0.010883
10908 0.010908
11024 0.011024
11041 0.011041
11055 0.011055
11169 0.011169
11433 0.011433
11629 0.011629
11911 0.011911
11943 0.011943
12084 0.012084
12188 0.012188
12362 0.012362
12477 0.012477
12625 0.012625
13006 0.013006
13022 0.013022
13068 0.013068
13078 0.013078
13088 0.013088
13233 0.013233
13243 0.013243
13256 0.013256
13362 0.013362
13470 0.01347
13690 0.01369
13761 0.013761
13827 0.013827
13859 0.013859
13886 0.013886
13989 0.013989
14031 0.014031
14032 0.014032
14087 0.014087
14089 0.014089
14300 0.0143
14397 0.014397
14684 0.014684
14861 0.014861
15207 0.015207
15239 0.015239
15255 0.015255
15329 0.015329
15372 0.015372
15660 0.01566
15789 0.015789
15931 0.015931
15941 0.015941
15985 0.015985
16102 0.016102
16270 0.01627
16334 0.016334
16346 0.016346
16348 0.016348
16359 0.016359
16430 0.01643
16432 0.016432
16445 0.016445
16633 0.016633
16672 0.016672
16778 0.016778
16854 0.016854
16859 0.016859
16922 0.016922
16957 0.016957
16976 0.016976
17116 0.017116
17188 0.017188
17195 0.017195
17461 0.017461
17547 0.017547
17573 0.017573
17624 0.017624
17753 0.017753
17880 0.01788
18004 0.018004
18113 0.018113
18128 0.018128
18280 0.01828
18444 0.018444
18474 0.018474
18521 0.018521
18668 0.018668
18682 0.018682
18728 0.018728
18949 0.018949
18976 0.018976
19067 0.019067
19216 0.019216
19319 0.019319
19557 0.019557
19577 0.019577
19650 0.01965
19739 0.019739
19841 0.019841
19937 0.019937
19953 0.019953
19958 0.019958
20017 0.020017
20037 0.020037
20154 0.020154
20304 0.020304
20404 0.020404
20407 0.020407
20486 0.020486
20674 0.020674
20704 0.020704
20720 0.02072
20802 0.020802
20961 0.020961
20970 0.02097
20997 0.020997
21020 0.02102
21082 0.021082
21129 0.021129
21268 0.021268
21292 0.021292
21370 0.02137
21379 0.021379
21453 0.021453
21547 0.021547
21555 0.021555
21597 0.021597
21711 0.021711
22140 0.02214
22158 0.022158
22306 0.022306
22339 0.022339
22361 0.022361
22564 0.022564
22927 0.022927
23057 0.023057
23070 0.02307
23144 0.023144
23346 0.023346
23402 0.023402
23502 0.023502
23831 0.023831
23891 0.023891
24040 0.02404
24229 0.024229
24248 0.024248
24266 0.024266
24290 0.02429
24292 0.024292
24375 0.024375
24818 0.024818
24951 0.024951
25013 0.025013
25025 0.025025
25130 0.02513
25361 0.025361
25386 0.025386
25431 0.025431
25537 0.025537
25574 0.025574
25576 0.025576
25578 0.025578
25855 0.025855
25915 0.025915
26097 0.026097
26583 0.026583
26678 0.026678
26693 0.026693
26804 0.026804
27032 0.027032
27121 0.027121
27261 0.027261
27286 0.027286
27288 0.027288
27324 0.027324
27373 0.027373
27410 0.02741
27591 0.027591
27610 0.02761
27742 0.027742
27749 0.027749
27967 0.027967
27985 0.027985
28091 0.028091
28282 0.028282
28401 0.028401
28402 0.028402
28534 0.028534
28735 0.028735
28767 0.028767
28787 0.028787
28802 0.028802
28934 0.028934
28951 0.028951
29112 0.029112
29158 0.029158
29201 0.029201
29362 0.029362
29574 0.029574
29611 0.029611
29646 0.029646
29708 0.029708
29764 0.029764
29765 0.029765
29930 0.02993
29999 0.029999
30086 0.030086
30275 0.030275
30283 0.030283
30358 0.030358
30464 0.030464
30466 0.030466
30468 0.030468
30492 0.030492
30580 0.03058
30685 0.030685
30813 0.030813
30815 0.030815
30944 0.030944
30960 0.03096
31003 0.031003
31019 0.031019
31073 0.031073
31095 0.031095
31103 0.031103
31171 0.031171
31176 0.031176
31223 0.031223
31264 0.031264
31286 0.031286
31393 0.031393
31428 0.031428
31680 0.03168
31706 0.031706
32000 0.032
32017 0.032017
32065 0.032065
32087 0.032087
32092 0.032092
32096 0.032096
32116 0.032116
32123 0.032123
32254 0.032254
32261 0.032261
32276 0.032276
32402 0.032402
32601 0.032601
32683 0.032683
32756 0.032756
32947 0.032947
33077 0.033077
33141 0.033141
33160 0.03316
33219 0.033219
33515 0.033515
33533 0.033533
33652 0.033652
33687 0.033687
33696 0.033696
33849 0.033849
34190 0.03419
34201 0.034201
34250 0.03425
34307 0.034307
34398 0.034398
34405 0.034405
34933 0.034933
34979 0.034979
35012 0.035012
35103 0.035103
35141 0.035141
35315 0.035315
35344 0.035344
35350 0.03535
35380 0.03538
35450 0.03545
35521 0.035521
35534 0.035534
35604 0.035604
35608 0.035608
35775 0.035775
35827 0.035827
35995 0.035995
36468 0.036468
36492 0.036492
36493 0.036493
36520 0.03652
36559 0.036559
36674 0.036674
36818 0.036818
36878 0.036878
36955 0.036955
37122 0.037122
37132 0.037132
37183 0.037183
37334 0.037334
37368 0.037368
37472 0.037472
37533 0.037533
37561 0.037561
37609 0.037609
37721 0.037721
37821 0.037821
37870 0.03787
37944 0.037944
38247 0.038247
38262 0.038262
38292 0.038292
38356 0.038356
38520 0.03852
38595 0.038595
38632 0.038632
38672 0.038672
38842 0.038842
38878 0.038878
39034 0.039034
39135 0.039135
39152 0.039152
39302 0.039302
39304 0.039304
39319 0.039319
39340 0.03934
39376 0.039376
39417 0.039417
39504 0.039504
39569 0.039569
39789 0.039789
39907 0.039907
39958 0.039958
39960 0.03996
40018 0.040018
40074 0.040074
40159 0.040159
40165 0.040165
40412 0.040412
40459 0.040459
40543 0.040543
40553 0.040553
40629 0.040629
40877 0.040877
40915 0.040915
40970 0.04097
41022 0.041022
41128 0.041128
41164 0.041164
41565 0.041565
41686 0.041686
41816 0.041816
41863 0.041863
41874 0.041874
41921 0.041921
42075 0.042075
42155 0.042155
42195 0.042195
42374 0.042374
42445 0.042445
42517 0.042517
42517 0.042517
42638 0.042638
42715 0.042715
42762 0.042762
42797 0.042797
42887 0.042887
42947 0.042947
42954 0.042954
43044 0.043044
43127 0.043127
43302 0.043302
43461 0.043461
43615 0.043615
43983 0.043983
44313 0.044313
44410 0.04441
44528 0.044528
44580 0.04458
44702 0.044702
44715 0.044715
44771 0.044771
44910 0.04491
44916 0.044916
44969 0.044969
44989 0.044989
45062 0.045062
45251 0.045251
45274 0.045274
45364 0.045364
45414 0.045414
45527 0.045527
45846 0.045846
46083 0.046083
46224 0.046224
46427 0.046427
46505 0.046505
46566 0.046566
46711 0.046711
46897 0.046897
46992 0.046992
47016 0.047016
47069 0.047069
47180 0.04718
47404 0.047404
47436 0.047436
47458 0.047458
47495 0.047495
47520 0.04752
47597 0.047597
47629 0.047629
47703 0.047703
47784 0.047784
47846 0.047846
48140 0.04814
48317 0.048317
48687 0.048687
48891 0.048891
49083 0.049083
49198 0.049198
49262 0.049262
49311 0.049311
49336 0.049336
49423 0.049423
49444 0.049444
49511 0.049511
49572 0.049572
49574 0.049574
49596 0.049596
49665 0.049665
49786 0.049786
50072 0.050072
50091 0.050091
50527 0.050527
50554 0.050554
50611 0.050611
50866 0.050866
51158 0.051158
51232 0.051232
51349 0.051349
51651 0.051651
52001 0.052001
52008 0.052008
52168 0.052168
52178 0.052178
52339 0.052339
52425 0.052425
52463 0.052463
52463 0.052463
52641 0.052641
52685 0.052685
52820 0.05282
52869 0.052869
53074 0.053074
53688 0.053688
53873 0.053873
53930 0.05393
53980 0.05398
54173 0.054173
54211 0.054211
54335 0.054335
54843 0.054843
54875 0.054875
54929 0.054929
54967 0.054967
55046 0.055046
55134 0.055134
55243 0.055243
55312 0.055312
55320 0.05532
55405 0.055405
55457 0.055457
55769 0.055769
55782 0.055782
56131 0.056131
56588 0.056588
56617 0.056617
56951 0.056951
57061 0.057061
57235 0.057235
57240 0.05724
57295 0.057295
57303 0.057303
57462 0.057462
57480 0.05748
57686 0.057686
57812 0.057812
57866 0.057866
57996 0.057996
58130 0.05813
58145 0.058145
58236 0.058236
58242 0.058242
58339 0.058339
58447 0.058447
58467 0.058467
58573 0.058573
58611 0.058611
58667 0.058667
58701 0.058701
58765 0.058765
58771 0.058771
58994 0.058994
59001 0.059001
59181 0.059181
59217 0.059217
59237 0.059237
59349 0.059349
59402 0.059402
59418 0.059418
59600 0.0596
60025 0.060025
60069 0.060069
60266 0.060266
60390 0.06039
60447 0.060447
60517 0.060517
60666 0.060666
60778 0.060778
60826 0.060826
60831 0.060831
60930 0.06093
60997 0.060997
61012 0.061012
61216 0.061216
61317 0.061317
61358 0.061358
61372 0.061372
61473 0.061473
61602 0.061602
61619 0.061619
61619 0.061619
61633 0.061633
61691 0.061691
61704 0.061704
61916 0.061916
62173 0.062173
62492 0.062492
62561 0.062561
62575 0.062575
62725 0.062725
62804 0.062804
62878 0.062878
62887 0.062887
62891 0.062891
62905 0.062905
62986 0.062986
62993 0.062993
63031 0.063031
63065 0.063065
63096 0.063096
63173 0.063173
63309 0.063309
63343 0.063343
63356 0.063356
63421 0.063421
63430 0.06343
63500 0.0635
63563 0.063563
63874 0.063874
63938 0.063938
64195 0.064195
64244 0.064244
64275 0.064275
64323 0.064323
64371 0.064371
64378 0.064378
64450 0.06445
64461 0.064461
64622 0.064622
64848 0.064848
65030 0.06503
65247 0.065247
65286 0.065286
65329 0.065329
65374 0.065374
65429 0.065429
65613 0.065613
65717 0.065717
65857 0.065857
66293 0.066293
66299 0.066299
66339 0.066339
66579 0.066579
66609 0.066609
66677 0.066677
66952 0.066952
66959 0.066959
67154 0.067154
67205 0.067205
67263 0.067263
67302 0.067302
67419 0.067419
67565 0.067565
67600 0.0676
67669 0.067669
67940 0.06794
67943 0.067943
68008 0.068008
68139 0.068139
68186 0.068186
68216 0.068216
68420 0.06842
68457 0.068457
68707 0.068707
68725 0.068725
68901 0.068901
68932 0.068932
68971 0.068971
68976 0.068976
69131 0.069131
69180 0.06918
69247 0.069247
69369 0.069369
69445 0.069445
69606 0.069606
69756 0.069756
70068 0.070068
70134 0.070134
70150 0.07015
70210 0.07021
70347 0.070347
70490 0.07049
70648 0.070648
70652 0.070652
70772 0.070772
70858 0.070858
70885 0.070885
70915 0.070915
71047 0.071047
71421 0.071421
71448 0.071448
71544 0.071544
71717 0.071717
71718 0.071718
71740 0.07174
71744 0.071744
71885 0.071885
71968 0.071968
72025 0.072025
72175 0.072175
72196 0.072196
72268 0.072268
72274 0.072274
72395 0.072395
72816 0.072816
72868 0.072868
72918 0.072918
73257 0.073257
73282 0.073282
73411 0.073411
73436 0.073436
73623 0.073623
73623 0.073623
73724 0.073724
73756 0.073756
73807 0.073807
74104 0.074104
74188 0.074188
74244 0.074244
74326 0.074326
74330 0.07433
74366 0.074366
74371 0.074371
74384 0.074384
74386 0.074386
74511 0.074511
74541 0.074541
74579 0.074579
74713 0.074713
74870 0.07487
74982 0.074982
75053 0.075053
75092 0.075092
75270 0.07527
75427 0.075427
75469 0.075469
75499 0.075499
75533 0.075533
75627 0.075627
75778 0.075778
75813 0.075813
75816 0.075816
76073 0.076073
76110 0.07611
76237 0.076237
76690 0.07669
76716 0.076716
76921 0.076921
76981 0.076981
77000 0.077
77042 0.077042
77063 0.077063
77256 0.077256
77392 0.077392
77408 0.077408
77441 0.077441
77844 0.077844
77912 0.077912
78020 0.07802
78061 0.078061
78303 0.078303
78388 0.078388
78421 0.078421
78424 0.078424
78539 0.078539
78579 0.078579
78640 0.07864
78682 0.078682
78703 0.078703
78769 0.078769
78804 0.078804
78916 0.078916
79261 0.079261
79285 0.079285
79288 0.079288
79476 0.079476
79748 0.079748
79896 0.079896
80107 0.080107
80121 0.080121
80306 0.080306
80416 0.080416
80571 0.080571
80651 0.080651
80700 0.0807
80722 0.080722
80756 0.080756
80956 0.080956
81002 0.081002
81148 0.081148
81251 0.081251
81761 0.081761
81819 0.081819
81891 0.081891
82000 0.082
82132 0.082132
82167 0.082167
82619 0.082619
82650 0.08265
82720 0.08272
82736 0.082736
82816 0.082816
82898 0.082898
83067 0.083067
83198 0.083198
83391 0.083391
83427 0.083427
83568 0.083568
83582 0.083582
83616 0.083616
83841 0.083841
84265 0.084265
84282 0.084282
84344 0.084344
84453 0.084453
84516 0.084516
84556 0.084556
84644 0.084644
84711 0.084711
85182 0.085182
85306 0.085306
85476 0.085476
85495 0.085495
85620 0.08562
85647 0.085647
85648 0.085648
85777 0.085777
85780 0.08578
86024 0.086024
86137 0.086137
86169 0.086169
86210 0.08621
86234 0.086234
86263 0.086263
86387 0.086387
86454 0.086454
86470 0.08647
86511 0.086511
86633 0.086633
86874 0.086874
87077 0.087077
87122 0.087122
87134 0.087134
87148 0.087148
87185 0.087185
87290 0.08729
87348 0.087348
87388 0.087388
87401 0.087401
87577 0.087577
87628 0.087628
87661 0.087661
87866 0.087866
87991 0.087991
88221 0.088221
88241 0.088241
88315 0.088315
88422 0.088422
88460 0.08846
88473 0.088473
88578 0.088578
88661 0.088661
88763 0.088763
88846 0.088846
88980 0.08898
88984 0.088984
89004 0.089004
89133 0.089133
89301 0.089301
89481 0.089481
89547 0.089547
89627 0.089627
89834 0.089834
89870 0.08987
90098 0.090098
90169 0.090169
90320 0.09032
90325 0.090325
90328 0.090328
90426 0.090426
90505 0.090505
90920 0.09092
90932 0.090932
90984 0.090984
91049 0.091049
91322 0.091322
91410 0.09141
91468 0.091468
91482 0.091482
91590 0.09159
91608 0.091608
91609 0.091609
91668 0.091668
91768 0.091768
91771 0.091771
91812 0.091812
91829 0.091829
91913 0.091913
91936 0.091936
91965 0.091965
91988 0.091988
92037 0.092037
92265 0.092265
92265 0.092265
92313 0.092313
92326 0.092326
92425 0.092425
92582 0.092582
92741 0.092741
92778 0.092778
92794 0.092794
92851 0.092851
92858 0.092858
92974 0.092974
92983 0.092983
93062 0.093062
93127 0.093127
93247 0.093247
93281 0.093281
93316 0.093316
93452 0.093452
93535 0.093535
93566 0.093566
93979 0.093979
94094 0.094094
94122 0.094122
94139 0.094139
94311 0.094311
94322 0.094322
94376 0.094376
94454 0.094454
94778 0.094778
94782 0.094782
94925 0.094925
94960 0.09496
94963 0.094963
94970 0.09497
95169 0.095169
95251 0.095251
95364 0.095364
95635 0.095635
95688 0.095688
95928 0.095928
95994 0.095994
96025 0.096025
96054 0.096054
96145 0.096145
96183 0.096183
96263 0.096263
96351 0.096351
96354 0.096354
96370 0.09637
96623 0.096623
96684 0.096684
96690 0.09669
96844 0.096844
96911 0.096911
96965 0.096965
97044 0.097044
97088 0.097088
97139 0.097139
97351 0.097351
97399 0.097399
97494 0.097494
97535 0.097535
97610 0.09761
97613 0.097613
97931 0.097931
97933 0.097933
97980 0.09798
98041 0.098041
98140 0.09814
98304 0.098304
98781 0.098781
98810 0.09881
98818 0.098818
98948 0.098948
99066 0.099066
99074 0.099074
99109 0.099109
99113 0.099113
99124 0.099124
99264 0.099264
99438 0.099438
99567 0.099567
99766 0.099766
99767 0.099767
99795 0.099795
99900 0.0999
100201 0.100201
100257 0.100257
100300 0.1003
100332 0.100332
100379 0.100379
100471 0.100471
100750 0.10075
100941 0.100941
100967 0.100967
101000 0.101
101326 0.101326
101377 0.101377
101462 0.101462
101479 0.101479
101485 0.101485
101562 0.101562
101735 0.101735
101815 0.101815
101870 0.10187
101890 0.10189
101952 0.101952
102238 0.102238
102312 0.102312
102314 0.102314
102476 0.102476
102711 0.102711
102917 0.102917
102929 0.102929
102968 0.102968
102987 0.102987
103081 0.103081
103145 0.103145
103150 0.10315
103180 0.10318
103218 0.103218
103851 0.103851
103881 0.103881
103891 0.103891
103930 0.10393
103993 0.103993
104106 0.104106
104193 0.104193
104220 0.10422
104247 0.104247
104349 0.104349
104549 0.104549
104735 0.104735
104841 0.104841
104982 0.104982
104992 0.104992
105148 0.105148
105268 0.105268
105273 0.105273
105321 0.105321
105355 0.105355
105367 0.105367
105492 0.105492
105498 0.105498
105584 0.105584
105703 0.105703
105914 0.105914
106181 0.106181
106263 0.106263
106477 0.106477
106489 0.106489
106594 0.106594
106594 0.106594
106772 0.106772
106963 0.106963
107273 0.107273
107337 0.107337
107474 0.107474
107593 0.107593
107596 0.107596
107663 0.107663
107908 0.107908
107920 0.10792
108001 0.108001
108055 0.108055
108066 0.108066
108220 0.10822
108270 0.10827
108278 0.108278
108288 0.108288
108344 0.108344
108372 0.108372
108795 0.108795
108869 0.108869
108996 0.108996
109064 0.109064
109192 0.109192
109558 0.109558
109664 0.109664
109741 0.109741
109758 0.109758
109802 0.109802
109915 0.109915
110129 0.110129
110163 0.110163
110455 0.110455
110479 0.110479
110503 0.110503
110534 0.110534
110862 0.110862
110889 0.110889
110917 0.110917
111055 0.111055
111118 0.111118
111182 0.111182
111540 0.11154
111625 0.111625
111713 0.111713
111788 0.111788
111863 0.111863
111922 0.111922
111928 0.111928
112083 0.112083
112108 0.112108
112154 0.112154
112308 0.112308
112323 0.112323
112354 0.112354
112472 0.112472
112473 0.112473
112588 0.112588
112717 0.112717
112821 0.112821
112892 0.112892
112906 0.112906
113004 0.113004
113486 0.113486
113751 0.113751
113945 0.113945
114303 0.114303
114356 0.114356
114398 0.114398
114400 0.1144
114498 0.114498
114567 0.114567
114634 0.114634
114716 0.114716
114718 0.114718
114785 0.114785
114962 0.114962
115003 0.115003
115211 0.115211
115276 0.115276
115301 0.115301
115321 0.115321
115472 0.115472
115724 0.115724
115731 0.115731
115819 0.115819
115838 0.115838
115847 0.115847
115920 0.11592
116043 0.116043
116300 0.1163
116307 0.116307
116339 0.116339
116351 0.116351
116674 0.116674
116718 0.116718
116741 0.116741
116977 0.116977
116983 0.116983
117098 0.117098
117264 0.117264
117314 0.117314
117467 0.117467
117514 0.117514
117601 0.117601
117628 0.117628
117670 0.11767
117850 0.11785
117924 0.117924
118024 0.118024
118027 0.118027
118039 0.118039
118116 0.118116
118253 0.118253
118418 0.118418
118577 0.118577
118684 0.118684
118827 0.118827
118919 0.118919
118990 0.11899
119072 0.119072
119161 0.119161
119162 0.119162
119272 0.119272
120072 0.120072
120311 0.120311
120334 0.120334
120390 0.12039
120523 0.120523
120615 0.120615
120680 0.12068
120730 0.12073
120789 0.120789
120821 0.120821
120848 0.120848
121128 0.121128
121329 0.121329
121479 0.121479
121623 0.121623
121666 0.121666
121732 0.121732
121847 0.121847
121857 0.121857
121944 0.121944
121961 0.121961
121990 0.12199
122092 0.122092
122116 0.122116
122250 0.12225
122310 0.12231
122400 0.1224
122493 0.122493
122538 0.122538
122670 0.12267
122716 0.122716
122900 0.1229
123003 0.123003
123076 0.123076
123160 0.12316
123307 0.123307
123309 0.123309
123403 0.123403
123595 0.123595
123721 0.123721
123782 0.123782
123812 0.123812
123843 0.123843
123908 0.123908
124003 0.124003
124037 0.124037
124042 0.124042
124053 0.124053
124061 0.124061
124235 0.124235
124280 0.12428
124315 0.124315
124379 0.124379
124426 0.124426
124450 0.12445
124460 0.12446
124568 0.124568
124615 0.124615
125026 0.125026
125329 0.125329
125451 0.125451
125474 0.125474
125482 0.125482
125630 0.12563
125652 0.125652
125700 0.1257
125712 0.125712
126114 0.126114
126165 0.126165
126290 0.12629
126604 0.126604
126712 0.126712
126757 0.126757
127040 0.12704
127086 0.127086
127090 0.12709
127288 0.127288
127581 0.127581
127669 0.127669
127789 0.127789
128076 0.128076
128101 0.128101
128107 0.128107
128187 0.128187
128188 0.128188
128202 0.128202
128231 0.128231
128235 0.128235
128596 0.128596
128648 0.128648
128777 0.128777
128832 0.128832
128892 0.128892
129038 0.129038
129063 0.129063
129290 0.12929
129569 0.129569
129590 0.12959
129662 0.129662
129855 0.129855
129921 0.129921
129929 0.129929
130161 0.130161
130230 0.13023
130239 0.130239
130319 0.130319
130337 0.130337
130339 0.130339
130354 0.130354
130385 0.130385
130618 0.130618
130702 0.130702
130702 0.130702
130729 0.130729
131011 0.131011
131167 0.131167
131192 0.131192
131332 0.131332
131395 0.131395
131430 0.13143
131616 0.131616
131755 0.131755
131846 0.131846
131899 0.131899
132027 0.132027
132106 0.132106
132376 0.132376
132529 0.132529
132652 0.132652
133162 0.133162
133345 0.133345
133489 0.133489
133555 0.133555
133608 0.133608
133684 0.133684
133716 0.133716
133831 0.133831
133929 0.133929
133953 0.133953
134114 0.134114
134119 0.134119
134188 0.134188
134216 0.134216
134387 0.134387
134436 0.134436
134593 0.134593
134732 0.134732
134748 0.134748
134843 0.134843
134899 0.134899
135057 0.135057
135067 0.135067
135081 0.135081
135135 0.135135
135188 0.135188
135314 0.135314
135540 0.13554
135551 0.135551
135564 0.135564
135573 0.135573
135578 0.135578
135712 0.135712
135712 0.135712
135728 0.135728
135817 0.135817
136063 0.136063
136128 0.136128
136157 0.136157
136361 0.136361
136395 0.136395
136415 0.136415
136450 0.13645
136451 0.136451
136473 0.136473
136516 0.136516
136560 0.13656
136560 0.13656
136566 0.136566
136696 0.136696
136699 0.136699
136758 0.136758
136847 0.136847
137055 0.137055
137105 0.137105
137149 0.137149
137247 0.137247
137289 0.137289
137369 0.137369
137588 0.137588
137853 0.137853
137865 0.137865
137920 0.13792
138137 0.138137
138163 0.138163
138317 0.138317
138353 0.138353
138489 0.138489
138546 0.138546
138548 0.138548
138628 0.138628
138638 0.138638
138760 0.13876
138760 0.13876
138798 0.138798
138821 0.138821
138858 0.138858
139211 0.139211
139352 0.139352
139478 0.139478
139506 0.139506
139507 0.139507
139515 0.139515
139823 0.139823
140025 0.140025
140087 0.140087
140200 0.1402
140269 0.140269
140360 0.14036
140622 0.140622
140683 0.140683
140790 0.14079
140869 0.140869
140906 0.140906
140924 0.140924
141079 0.141079
141138 0.141138
141220 0.14122
141277 0.141277
141297 0.141297
141329 0.141329
141343 0.141343
141391 0.141391
141585 0.141585
141743 0.141743
141781 0.141781
141785 0.141785
141845 0.141845
141875 0.141875
141889 0.141889
141908 0.141908
141932 0.141932
141973 0.141973
142137 0.142137
142221 0.142221
142261 0.142261
142427 0.142427
142484 0.142484
142611 0.142611
142635 0.142635
142706 0.142706
142969 0.142969
143182 0.143182
143362 0.143362
143425 0.143425
143491 0.143491
143570 0.14357
143811 0.143811
144326 0.144326
144441 0.144441
144444 0.144444
144584 0.144584
144746 0.144746
145061 0.145061
145103 0.145103
145206 0.145206
145276 0.145276
145383 0.145383
145439 0.145439
145466 0.145466
145487 0.145487
145530 0.14553
145534 0.145534
145701 0.145701
145840 0.14584
145899 0.145899
146138 0.146138
146183 0.146183
146196 0.146196
146241 0.146241
146273 0.146273
146402 0.146402
146424 0.146424
146424 0.146424
146442 0.146442
146456 0.146456
146474 0.146474
146558 0.146558
146958 0.146958
147017 0.147017
147409 0.147409
147748 0.147748
147928 0.147928
147974 0.147974
148157 0.148157
148232 0.148232
148276 0.148276
148306 0.148306
148316 0.148316
148387 0.148387
148492 0.148492
148629 0.148629
148663 0.148663
148789 0.148789
148836 0.148836
148858 0.148858
149059 0.149059
149568 0.149568
149674 0.149674
149710 0.14971
149724 0.149724
149902 0.149902
150027 0.150027
150093 0.150093
150135 0.150135
150216 0.150216
150221 0.150221
150301 0.150301
150536 0.150536
150539 0.150539
150714 0.150714
150838 0.150838
151030 0.15103
151135 0.151135
151153 0.151153
151208 0.151208
151360 0.15136
151565 0.151565
151649 0.151649
152115 0.152115
152179 0.152179
152195 0.152195
152421 0.152421
152584 0.152584
152589 0.152589
152663 0.152663
152726 0.152726
152812 0.152812
152816 0.152816
152831 0.152831
152883 0.152883
152957 0.152957
152972 0.152972
153044 0.153044
153059 0.153059
153065 0.153065
153154 0.153154
153224 0.153224
153292 0.153292
153407 0.153407
153464 0.153464
153485 0.153485
153564 0.153564
153754 0.153754
153777 0.153777
153834 0.153834
153864 0.153864
153909 0.153909
154071 0.154071
154169 0.154169
154212 0.154212
154331 0.154331
154819 0.154819
154858 0.154858
154884 0.154884
154893 0.154893
154908 0.154908
154927 0.154927
154970 0.15497
155019 0.155019
155134 0.155134
155275 0.155275
155325 0.155325
155699 0.155699
155812 0.155812
155878 0.155878
155929 0.155929
155943 0.155943
155955 0.155955
156351 0.156351
156531 0.156531
156623 0.156623
156888 0.156888
157047 0.157047
157054 0.157054
157168 0.157168
157208 0.157208
157210 0.15721
157302 0.157302
157366 0.157366
157379 0.157379
157418 0.157418
157619 0.157619
157901 0.157901
157993 0.157993
158180 0.15818
158217 0.158217
158331 0.158331
158455 0.158455
158472 0.158472
158647 0.158647
158701 0.158701
158825 0.158825
158935 0.158935
158973 0.158973
159021 0.159021
159057 0.159057
159097 0.159097
159197 0.159197
159305 0.159305
159325 0.159325
159369 0.159369
159382 0.159382
159455 0.159455
159526 0.159526
159530 0.15953
159549 0.159549
159911 0.159911
160009 0.160009
160038 0.160038
160106 0.160106
160258 0.160258
160263 0.160263
160378 0.160378
160384 0.160384
160661 0.160661
160690 0.16069
160804 0.160804
160889 0.160889
160901 0.160901
160910 0.16091
160949 0.160949
161053 0.161053
161153 0.161153
161455 0.161455
161941 0.161941
162060 0.16206
162215 0.162215
162294 0.162294
162479 0.162479
162573 0.162573
162635 0.162635
162652 0.162652
162805 0.162805
162940 0.16294
162987 0.162987
163044 0.163044
163079 0.163079
163132 0.163132
163273 0.163273
163381 0.163381
163505 0.163505
163552 0.163552
163639 0.163639
163688 0.163688
163748 0.163748
163923 0.163923
163956 0.163956
164009 0.164009
164313 0.164313
164381 0.164381
164579 0.164579
164726 0.164726
164769 0.164769
164931 0.164931
165015 0.165015
165219 0.165219
165376 0.165376
165462 0.165462
165568 0.165568
165652 0.165652
165908 0.165908
165970 0.16597
166059 0.166059
166335 0.166335
166377 0.166377
166552 0.166552
166583 0.166583
166635 0.166635
166665 0.166665
166671 0.166671
166784 0.166784
166815 0.166815
166823 0.166823
166860 0.16686
166918 0.166918
166940 0.16694
167060 0.16706
167154 0.167154
167276 0.167276
167471 0.167471
167604 0.167604
167804 0.167804
167995 0.167995
168173 0.168173
168210 0.16821
168260 0.16826
168280 0.16828
168414 0.168414
168439 0.168439
168479 0.168479
168482 0.168482
168493 0.168493
168524 0.168524
168655 0.168655
168738 0.168738
169001 0.169001
169097 0.169097
169259 0.169259
169289 0.169289
169344 0.169344
169698 0.169698
169728 0.169728
169903 0.169903
169929 0.169929
169965 0.169965
169972 0.169972
170249 0.170249
170409 0.170409
170603 0.170603
170727 0.170727
170797 0.170797
170800 0.1708
171032 0.171032
171184 0.171184
171300 0.1713
171389 0.171389
171654 0.171654
171663 0.171663
171783 0.171783
171827 0.171827
171935 0.171935
172131 0.172131
172149 0.172149
172579 0.172579
172765 0.172765
172998 0.172998
173009 0.173009
173044 0.173044
173529 0.173529
173580 0.17358
173656 0.173656
173674 0.173674
173684 0.173684
174048 0.174048
174055 0.174055
174134 0.174134
174135 0.174135
174162 0.174162
174186 0.174186
174268 0.174268
174287 0.174287
174350 0.17435
174489 0.174489
174601 0.174601
174697 0.174697
174961 0.174961
175140 0.17514
175140 0.17514
175199 0.175199
175218 0.175218
175255 0.175255
175365 0.175365
175475 0.175475
175553 0.175553
175557 0.175557
175578 0.175578
175587 0.175587
175618 0.175618
175680 0.17568
176001 0.176001
176246 0.176246
176347 0.176347
176485 0.176485
176748 0.176748
176848 0.176848
177053 0.177053
177137 0.177137
177230 0.17723
177244 0.177244
177258 0.177258
177536 0.177536
177581 0.177581
177667 0.177667
177683 0.177683
177920 0.17792
178019 0.178019
178288 0.178288
178369 0.178369
178652 0.178652
178734 0.178734
178908 0.178908
178977 0.178977
179114 0.179114
179201 0.179201
179709 0.179709
179731 0.179731
179838 0.179838
179849 0.179849
179941 0.179941
179978 0.179978
179987 0.179987
180218 0.180218
180309 0.180309
180465 0.180465
180550 0.18055
180561 0.180561
180611 0.180611
180709 0.180709
180713 0.180713
180881 0.180881
181005 0.181005
181015 0.181015
181083 0.181083
181322 0.181322
181412 0.181412
182199 0.182199
182227 0.182227
182227 0.182227
182393 0.182393
182453 0.182453
182467 0.182467
182593 0.182593
182617 0.182617
182810 0.18281
183288 0.183288
183338 0.183338
183670 0.18367
183929 0.183929
183967 0.183967
183990 0.18399
184018 0.184018
184070 0.18407
184105 0.184105
184234 0.184234
184573 0.184573
184595 0.184595
184692 0.184692
184720 0.18472
184752 0.184752
185016 0.185016
185160 0.18516
185372 0.185372
185378 0.185378
185386 0.185386
185417 0.185417
185418 0.185418
185461 0.185461
185467 0.185467
185469 0.185469
185622 0.185622
185679 0.185679
185715 0.185715
185747 0.185747
185837 0.185837
186053 0.186053
186211 0.186211
186400 0.1864
186446 0.186446
186548 0.186548
186588 0.186588
186615 0.186615
186688 0.186688
186969 0.186969
187215 0.187215
187234 0.187234
187383 0.187383
187507 0.187507
187585 0.187585
187689 0.187689
187700 0.1877
187754 0.187754
187774 0.187774
187893 0.187893
187929 0.187929
187964 0.187964
187999 0.187999
188026 0.188026
188115 0.188115
188137 0.188137
188151 0.188151
188158 0.188158
188163 0.188163
188208 0.188208
188385 0.188385
188451 0.188451
188532 0.188532
188631 0.188631
188726 0.188726
188818 0.188818
188934 0.188934
189100 0.1891
189134 0.189134
189345 0.189345
189470 0.18947
189482 0.189482
189554 0.189554
189605 0.189605
189746 0.189746
189936 0.189936
189961 0.189961
189973 0.189973
190066 0.190066
190259 0.190259
190283 0.190283
190479 0.190479
190488 0.190488
190698 0.190698
190948 0.190948
191044 0.191044
191082 0.191082
191123 0.191123
191256 0.191256
191365 0.191365
191683 0.191683
192230 0.19223
192304 0.192304
192941 0.192941
193116 0.193116
193140 0.19314
193166 0.193166
193167 0.193167
193206 0.193206
193260 0.19326
193629 0.193629
193736 0.193736
193768 0.193768
193907 0.193907
193981 0.193981
194019 0.194019
194113 0.194113
194129 0.194129
194178 0.194178
194277 0.194277
194479 0.194479
194501 0.194501
194911 0.194911
194913 0.194913
194925 0.194925
194984 0.194984
195057 0.195057
195235 0.195235
195321 0.195321
195361 0.195361
195506 0.195506
195654 0.195654
195737 0.195737
195829 0.195829
196033 0.196033
196425 0.196425
196467 0.196467
196484 0.196484
196490 0.19649
196618 0.196618
196626 0.196626
196698 0.196698
196727 0.196727
197018 0.197018
197182 0.197182
197240 0.19724
197624 0.197624
197626 0.197626
197672 0.197672
197783 0.197783
197804 0.197804
197827 0.197827
197906 0.197906
197930 0.19793
197930 0.19793
198074 0.198074
198131 0.198131
198213 0.198213
198476 0.198476
198506 0.198506
198896 0.198896
198906 0.198906
199169 0.199169
199260 0.19926
199533 0.199533
199668 0.199668
199719 0.199719
199787 0.199787
