143425 0.00
49572 0.00
75778 0.00
159526 0.00
7596 0.00
178652 0.01
131899 0.00
80306 0.00
101815 0.00
109741 0.00
30580 0.00
1235 0.00
93247 0.00
69247 0.00
14089 0.00
16359 0.00
193260 0.01
97044 0.00
128596 0.00
17547 0.00
21547 0.00
122092 0.00
153485 0.00
167060 0.00
116339 0.00
129063 0.00
33849 0.00
155134 0.00
86454 0.00
82736 0.00
13989 0.00
65429 0.00
27985 0.00
28802 0.00
15329 0.00
172131 0.00
152812 0.00
169698 0.00
30960 0.00
87077 0.00
13859 0.00
45846 0.00
56951 0.00
198896 0.01
147748 0.00
8677 0.00
166823 0.00
35521 0.00
5241 0.00
167804 0.00
158825 0.00
17624 0.00
128892 0.00
135188 0.00
39152 0.00
78421 0.00
111625 0.00
15207 0.00
87348 0.00
120334 0.00
98304 0.00
187689 0.01
77441 0.00
64378 0.00
130239 0.00
151135 0.00
87991 0.00
75270 0.00
29201 0.00
107908 0.00
193167 0.01
29930 0.00
62993 0.00
140269 0.01
153864 0.00
143570 0.00
97610 0.00
152726 0.00
37122 0.00
148789 0.00
38247 0.00
195654 0.01
53688 0.00
5022 0.00
84265 0.00
88846 0.00
38632 0.00
135067 0.00
141585 0.00
120072 0.00
164579 0.00
3318 0.00
195829 0.01
129038 0.00
2333 0.00
168655 0.00
97613 0.00
166671 0.00
8966 0.00
194925 0.01
152584 0.00
65030 0.00
141743 0.00
14684 0.00
21268 0.00
149059 0.00
93535 0.00
42374 0.00
126165 0.00
100257 0.00
97931 0.00
184018 0.01
94925 0.00
25013 0.00
174162 0.01
189961 0.01
105148 0.00
172149 0.01
78682 0.00
160910 0.00
75499 0.00
45251 0.00
40915 0.00
54211 0.00
166635 0.00
166860 0.01
90169 0.00
101462 0.00
133555 0.00
162215 0.00
135135 0.00
152663 0.01
169001 0.00
55457 0.00
78640 0.00
152972 0.00
92265 0.00
88315 0.00
27610 0.00
25578 0.00
68420 0.00
9599 0.00
38595 0.00
76110 0.00
27324 0.00
25537 0.00
155325 0.00
157168 0.01
63031 0.00
39789 0.00
49786 0.00
10908 0.00
52008 0.00
136157 0.00
99109 0.00
139352 0.00
41565 0.00
23057 0.00
152195 0.00
197624 0.01
57295 0.00
20404 0.00
108055 0.00
102312 0.00
40877 0.00
27410 0.00
42155 0.00
138489 0.00
168260 0.01
102968 0.00
75053 0.00
137853 0.00
1507 0.00
1484 0.00
1391 0.00
157302 0.00
189134 0.01
177536 0.01
194019 0.01
115731 0.00
146402 0.00
77063 0.00
96354 0.00
45062 0.00
61372 0.00
72816 0.00
174135 0.00
151649 0.00
186211 0.01
20037 0.00
67565 0.00
111540 0.00
38672 0.00
15985 0.00
37533 0.00
11629 0.00
160038 0.00
8860 0.00
30086 0.00
42517 0.00
87577 0.00
163381 0.00
160106 0.00
92265 0.00
142706 0.00
148858 0.00
160384 0.01
55769 0.00
177581 0.01
68457 0.00
138163 0.00
184573 0.01
35604 0.00
100201 0.00
194113 0.01
104841 0.00
125026 0.00
59237 0.00
134188 0.00
55134 0.00
185622 0.01
197930 0.01
20997 0.00
32065 0.00
91965 0.00
93062 0.00
168482 0.00
107273 0.00
155275 0.00
138858 0.00
61704 0.00
52425 0.00
102917 0.00
129662 0.00
22140 0.00
29708 0.00
144441 0.00
141079 0.00
74870 0.00
114498 0.00
83198 0.00
58236 0.00
35141 0.00
130729 0.00
145534 0.00
193116 0.01
131167 0.00
164381 0.00
152957 0.00
157366 0.00
167276 0.00
125451 0.00
136847 0.00
94778 0.00
98810 0.00
86633 0.00
197626 0.01
125329 0.00
186969 0.01
166784 0.00
112154 0.00
8609 0.00
71047 0.00
91468 0.00
16976 0.00
50527 0.00
187507 0.01
75427 0.00
66339 0.00
186615 0.01
158472 0.00
37368 0.00
163273 0.00
75469 0.00
99066 0.00
62492 0.00
64622 0.00
107337 0.00
32261 0.00
34307 0.00
39376 0.00
140622 0.00
106181 0.00
91609 0.00
70490 0.00
148306 0.00
8305 0.00
115321 0.00
139823 0.00
14087 0.00
18474 0.00
191044 0.01
41022 0.00
73623 0.00
32087 0.00
134593 0.00
18728 0.00
96025 0.00
40159 0.00
2389 0.00
112108 0.00
158455 0.00
44715 0.00
98948 0.00
74188 0.00
174350 0.00
77392 0.00
150027 0.00
190488 0.01
83568 0.00
130337 0.00
70134 0.00
63096 0.00
185467 0.01
118027 0.00
42762 0.00
87661 0.00
48317 0.00
115920 0.00
135573 0.00
66609 0.00
88473 0.00
159549 0.00
162805 0.01
112323 0.00
30275 0.00
32683 0.00
188163 0.01
112354 0.00
47458 0.00
175255 0.01
16922 0.00
83841 0.00
18113 0.00
117514 0.00
91668 0.00
156888 0.00
192230 0.01
101890 0.00
154908 0.00
130161 0.00
88221 0.00
14397 0.00
3413 0.00
70915 0.00
32123 0.00
106963 0.00
106594 0.00
86137 0.00
82816 0.00
194501 0.01
13256 0.00
13761 0.00
65857 0.00
123812 0.00
164009 0.01
103851 0.00
16102 0.00
135817 0.00
140790 0.01
43461 0.00
70885 0.00
121944 0.00
10306 0.00
147409 0.00
136696 0.00
138760 0.00
165568 0.01
141875 0.00
103881 0.00
152883 0.00
111928 0.00
130702 0.00
171663 0.01
124235 0.00
9976 0.00
169972 0.01
27261 0.00
71740 0.00
110534 0.00
188115 0.01
124568 0.00
47520 0.00
194129 0.01
99438 0.00
42517 0.00
108372 0.00
110917 0.00
109558 0.00
36492 0.00
64371 0.00
123403 0.00
74982 0.00
39504 0.00
74244 0.00
96965 0.00
138798 0.00
124061 0.00
175365 0.01
157054 0.00
130618 0.00
118024 0.00
127789 0.00
94311 0.00
153754 0.00
148663 0.00
77844 0.00
39960 0.00
175475 0.01
53074 0.00
49596 0.00
76716 0.00
37870 0.00
57812 0.00
86511 0.00
159097 0.01
64275 0.00
179838 0.01
183990 0.01
127086 0.00
55312 0.00
157901 0.00
49665 0.00
165970 0.01
17753 0.00
96844 0.00
100750 0.00
92037 0.00
61619 0.00
162294 0.01
71744 0.00
70347 0.00
159911 0.01
85780 0.00
67669 0.00
72025 0.00
78804 0.00
144326 0.00
168479 0.01
78061 0.00
52463 0.00
53980 0.00
51349 0.00
110163 0.00
110479 0.00
82720 0.00
58145 0.00
134843 0.00
157619 0.01
184105 0.01
155812 0.01
76981 0.00
8422 0.00
80700 0.00
78916 0.00
13088 0.00
142484 0.00
182453 0.01
24818 0.00
44702 0.00
4900 0.00
919 0.00
120848 0.00
95928 0.00
74541 0.00
71717 0.00
105321 0.00
32947 0.00
15372 0.00
10247 0.00
25361 0.00
87134 0.00
176848 0.01
38842 0.00
115276 0.00
37472 0.00
165219 0.01
159382 0.01
2760 0.00
183338 0.01
136128 0.00
64848 0.00
82619 0.00
186688 0.01
10700 0.00
87628 0.00
93979 0.00
84282 0.00
177683 0.01
195057 0.01
149902 0.00
128777 0.00
8926 0.00
24229 0.00
162479 0.01
102476 0.00
74326 0.00
90932 0.00
29764 0.00
35534 0.00
24292 0.00
39135 0.00
92778 0.00
45364 0.00
12362 0.00
55046 0.00
44410 0.00
19216 0.00
179731 0.01
176246 0.01
160901 0.01
184070 0.01
57240 0.00
180561 0.01
40074 0.00
109064 0.00
140200 0.01
77912 0.00
148629 0.01
28282 0.00
163132 0.01
6949 0.00
90328 0.00
118039 0.00
138821 0.00
91410 0.00
198213 0.01
104193 0.00
59349 0.00
52463 0.00
110455 0.00
54967 0.00
103145 0.00
73436 0.00
11943 0.00
129921 0.00
40165 0.00
43127 0.00
32096 0.00
94139 0.00
199260 0.01
189470 0.01
49198 0.00
52001 0.00
52820 0.00
150714 0.00
79476 0.00
84344 0.00
116674 0.00
109664 0.00
25025 0.00
34933 0.00
190948 0.01
67600 0.00
19841 0.00
5388 0.00
132027 0.00
16348 0.00
185715 0.01
57480 0.00
134436 0.00
47069 0.00
89004 0.00
95364 0.00
168280 0.01
193629 0.01
60930 0.00
21453 0.00
111118 0.00
102238 0.00
162573 0.01
190283 0.01
160690 0.01
106489 0.00
67263 0.00
116977 0.00
93316 0.00
127669 0.00
71718 0.00
99900 0.00
86169 0.00
120311 0.00
13362 0.00
58611 0.00
136566 0.00
60997 0.00
67943 0.00
44528 0.00
141343 0.00
99074 0.01
28402 0.00
58771 0.00
154970 0.00
179114 0.01
99795 0.00
70772 0.00
40970 0.00
97980 0.00
197182 0.01
1834 0.00
19937 0.00
119072 0.00
42075 0.00
42715 0.00
63065 0.00
105355 0.00
153834 0.00
199533 0.01
55320 0.00
2888 0.00
105498 0.00
77000 0.00
5743 0.00
168738 0.01
35350 0.00
24951 0.00
135540 0.00
35995 0.00
105367 0.00
146273 0.00
81251 0.00
116300 0.00
68139 0.00
177137 0.01
32601 0.00
35450 0.00
90325 0.00
176748 0.01
103218 0.00
71968 0.00
49444 0.00
46566 0.00
46992 0.00
188026 0.01
108220 0.00
148276 0.00
159530 0.01
20802 0.00
72196 0.00
43044 0.00
119161 0.00
100941 0.00
67419 0.00
16432 0.00
120523 0.00
85476 0.00
32000 0.00
131011 0.00
173656 0.01
104992 0.00
95994 0.00
67154 0.00
80956 0.00
85777 0.00
60517 0.00
137055 0.00
195321 0.01
151360 0.01
121990 0.00
153044 0.00
33160 0.00
37183 0.00
6556 0.00
91829 0.00
62804 0.00
102711 0.00
110129 0.00
151565 0.00
181083 0.01
58339 0.00
124280 0.00
96183 0.00
15941 0.00
195506 0.01
130354 0.00
87290 0.00
169929 0.01
55782 0.00
185837 0.01
186548 0.01
31003 0.00
32402 0.00
187234 0.01
85306 0.00
68971 0.00
63421 0.00
94963 0.00
111713 0.00
179849 0.01
129569 0.00
3996 0.00
19557 0.00
79896 0.00
138760 0.00
154927 0.00
16859 0.00
170797 0.01
163956 0.01
37561 0.00
80121 0.00
29574 0.00
41874 0.00
18521 0.00
138638 0.00
50866 0.00
1292 0.00
141785 0.00
81761 0.00
136758 0.00
2547 0.00
47846 0.00
116983 0.00
93127 0.00
101735 0.00
19577 0.00
194178 0.01
17116 0.00
122400 0.00
102929 0.00
95688 0.00
179987 0.01
18280 0.00
129290 0.00
72274 0.00
90426 0.00
171935 0.01
58701 0.00
42445 0.00
168414 0.01
74330 0.00
41164 0.00
104106 0.00
197672 0.01
196626 0.01
177920 0.01
74366 0.00
133684 0.00
49336 0.00
62905 0.00
21370 0.00
54929 0.00
62986 0.00
108869 0.00
32276 0.00
175140 0.01
170727 0.01
151030 0.00
157993 0.00
78388 0.00
123908 0.00
125700 0.00
28401 0.00
131430 0.00
108066 0.00
2956 0.00
198131 0.01
196618 0.01
142137 0.00
114634 0.00
158331 0.00
101377 0.00
7928 0.00
153464 0.00
114303 0.00
104549 0.00
121666 0.00
3475 0.00
194479 0.01
33077 0.00
77042 0.00
137105 0.00
152816 0.00
166583 0.01
682 0.00
136516 0.00
105273 0.00
130702 0.00
31171 0.00
148387 0.00
136415 0.00
92313 0.00
36878 0.00
122116 0.00
15255 0.00
1816 0.00
123309 0.00
46505 0.00
182617 0.01
128231 0.00
152421 0.00
137247 0.00
57866 0.00
79285 0.00
141391 0.00
70210 0.00
148232 0.00
30468 0.00
85620 0.00
153224 0.00
76237 0.00
114400 0.00
34405 0.00
100379 0.00
43302 0.00
124315 0.00
13827 0.00
4454 0.00
176347 0.01
23 0.00
7337 0.00
146558 0.00
160889 0.01
27288 0.00
149710 0.00
30283 0.00
125474 0.00
71885 0.00
162060 0.01
97494 0.00
146196 0.00
63343 0.00
164931 0.01
124003 0.00
88241 0.00
171032 0.01
16957 0.00
70068 0.00
183288 0.01
117601 0.00
178734 0.01
35775 0.00
145701 0.00
131755 0.00
145439 0.00
70652 0.00
118827 0.00
161053 0.00
2197 0.00
6701 0.00
65613 0.00
10883 0.00
20407 0.00
23502 0.00
44313 0.00
10223 0.00
99113 0.00
13022 0.00
189973 0.01
128107 0.00
185016 0.01
108270 0.00
13068 0.00
107474 0.00
97351 0.00
161455 0.01
198506 0.01
61916 0.00
28091 0.00
30685 0.00
63173 0.00
5402 0.00
58130 0.00
49423 0.00
163552 0.01
105268 0.00
33219 0.00
46897 0.00
181322 0.01
158935 0.00
57235 0.00
111055 0.00
86024 0.00
77256 0.00
104247 0.00
174697 0.01
104982 0.00
60447 0.00
21711 0.00
24290 0.00
91322 0.00
135564 0.00
68901 0.00
136395 0.00
134119 0.00
187893 0.01
7293 0.00
166377 0.01
16633 0.00
175218 0.01
8961 0.00
139506 0.00
62725 0.00
4534 0.00
143362 0.00
24266 0.00
57061 0.00
158973 0.01
142969 0.00
13078 0.00
100300 0.00
153909 0.00
62173 0.00
118684 0.00
159325 0.01
58765 0.00
117850 0.00
20017 0.00
90098 0.00
181015 0.01
154071 0.00
61358 0.00
36674 0.00
48140 0.00
62 0.00
101562 0.00
28951 0.00
141889 0.00
86470 0.00
38262 0.00
37721 0.00
149724 0.00
81148 0.00
40629 0.00
185418 0.01
84711 0.00
2506 0.00
91771 0.00
153407 0.00
16778 0.00
114785 0.00
5302 0.00
136063 0.00
24375 0.00
178288 0.01
41816 0.00
169344 0.01
7700 0.00
144584 0.00
136450 0.00
36818 0.00
6928 0.00
167604 0.01
128101 0.00
179941 0.01
96911 0.00
103180 0.00
136451 0.00
135057 0.00
154884 0.00
47597 0.00
141329 0.00
115724 0.00
116043 0.00
62891 0.00
72268 0.00
72918 0.00
173674 0.01
47495 0.00
57686 0.00
174489 0.01
5391 0.00
187754 0.01
17573 0.00
83391 0.00
196467 0.01
132652 0.00
112821 0.00
124379 0.00
97399 0.00
92858 0.00
196698 0.01
35380 0.00
90920 0.00
95251 0.00
1429 0.00
118990 0.00
88661 0.00
121329 0.00
30464 0.00
51232 0.00
14031 0.00
58242 0.00
196033 0.01
8349 0.00
39302 0.00
891 0.00
101870 0.00
13690 0.00
161941 0.01
28767 0.00
56131 0.00
178977 0.01
109758 0.00
171654 0.01
134748 0.00
163044 0.01
171389 0.01
180881 0.01
187999 0.01
177230 0.01
21379 0.00
3821 0.00
188934 0.01
47703 0.00
18004 0.00
166335 0.01
5947 0.00
113751 0.00
50072 0.00
100471 0.00
163639 0.01
89547 0.00
166059 0.01
92851 0.00
47784 0.00
112308 0.00
120680 0.00
94960 0.00
145530 0.00
25576 0.00
170249 0.01
83427 0.00
113945 0.00
185417 0.01
133162 0.00
5851 0.00
115847 0.00
173009 0.01
84516 0.00
57462 0.00
59001 0.00
101326 0.00
168439 0.01
20304 0.00
103150 0.00
59402 0.00
110889 0.00
31073 0.00
67940 0.00
52641 0.00
94782 0.00
154169 0.00
44916 0.00
199787 0.01
31393 0.00
163079 0.01
91936 0.00
191123 0.01
128187 0.00
17461 0.00
99264 0.00
26097 0.00
139507 0.00
112588 0.00
30813 0.00
67302 0.00
123782 0.00
47404 0.00
52178 0.00
27591 0.00
145466 0.00
52685 0.00
118418 0.00
59217 0.00
88980 0.00
182393 0.01
198476 0.01
84453 0.00
97933 0.00
69756 0.00
19739 0.00
94322 0.00
196490 0.01
9713 0.00
148316 0.00
197804 0.01
75813 0.00
63874 0.00
188726 0.01
121732 0.00
167995 0.01
140869 0.00
192304 0.01
80756 0.00
32116 0.00
153777 0.00
86234 0.00
139515 0.00
185386 0.01
11055 0.00
141277 0.00
115211 0.00
122900 0.00
89834 0.00
60266 0.00
66293 0.00
164726 0.01
135314 0.00
39340 0.00
74104 0.00
108278 0.00
125712 0.00
186588 0.01
47436 0.00
42954 0.00
106263 0.00
189746 0.01
19953 0.00
25130 0.00
74511 0.00
63938 0.00
88984 0.00
199169 0.01
124450 0.00
149568 0.00
27121 0.00
7405 0.00
158180 0.00
138137 0.00
96351 0.00
188158 0.01
78579 0.00
28934 0.00
185378 0.01
58667 0.00
174961 0.01
186400 0.01
54173 0.00
62887 0.00
136560 0.00
122250 0.00
61473 0.00
130385 0.00
178019 0.01
96145 0.00
157379 0.01
141138 0.00
26804 0.00
275 0.00
143182 0.00
112473 0.00
61602 0.00
194911 0.01
171783 0.01
58467 0.00
41128 0.00
12084 0.00
132529 0.00
16445 0.00
189554 0.01
37609 0.00
103081 0.00
88460 0.00
76690 0.00
159369 0.00
108795 0.00
66677 0.00
13233 0.00
55405 0.00
131616 0.00
180713 0.01
11169 0.00
155019 0.00
157047 0.00
20154 0.00
80107 0.00
94122 0.00
91049 0.00
123076 0.00
62878 0.00
46224 0.00
179978 0.01
82898 0.00
108996 0.00
153154 0.00
53873 0.00
126290 0.00
171184 0.01
78424 0.00
11433 0.00
40459 0.00
188451 0.01
78020 0.00
21555 0.00
53930 0.00
155955 0.00
81891 0.00
11911 0.00
46083 0.00
57996 0.00
105584 0.00
19650 0.00
142611 0.00
158701 0.01
126114 0.00
174134 0.01
72175 0.00
145103 0.00
112472 0.00
123003 0.00
80722 0.00
96263 0.00
31680 0.00
189482 0.01
45414 0.00
24248 0.00
19319 0.00
176001 0.01
89627 0.00
40412 0.00
36520 0.00
138628 0.00
166665 0.01
52168 0.00
26678 0.00
42797 0.00
105914 0.00
102987 0.00
185461 0.01
45527 0.00
180309 0.01
28787 0.00
114716 0.00
97535 0.00
11024 0.00
149674 0.00
63500 0.00
188137 0.01
98818 0.00
166552 0.01
193140 0.01
116741 0.00
157418 0.00
180218 0.01
96690 0.00
134114 0.00
140924 0.00
31019 0.00
32756 0.00
71544 0.00
159197 0.00
60025 0.00
124426 0.00
69131 0.00
65247 0.00
150216 0.00
166815 0.01
112906 0.00
163748 0.01
130319 0.00
78303 0.00
133953 0.00
146456 0.00
96684 0.00
66952 0.00
93281 0.00
91812 0.00
66299 0.00
150301 0.00
20961 0.00
196484 0.01
85495 0.00
13243 0.00
2375 0.00
128076 0.00
140906 0.00
197930 0.01
15239 0.00
59418 0.00
60390 0.00
143491 0.00
2085 0.00
91913 0.00
2871 0.00
147017 0.00
195737 0.01
184234 0.01
184720 0.01
62575 0.00
6073 0.00
24040 0.00
192941 0.01
87388 0.00
40018 0.00
150838 0.00
75816 0.00
190479 0.01
64461 0.00
122493 0.00
197240 0.01
169965 0.01
247 0.00
13886 0.00
3430 0.00
122310 0.00
154819 0.00
46427 0.00
167154 0.01
174048 0.01
80571 0.00
48891 0.00
25574 0.00
65286 0.00
150093 0.00
86874 0.00
169097 0.01
56588 0.00
23891 0.00
98140 0.00
85182 0.00
173529 0.01
141845 0.00
114962 0.00
82650 0.00
33141 0.00
91482 0.00
52869 0.00
76921 0.00
177053 0.01
108001 0.00
195 0.00
143811 0.01
117467 0.00
42947 0.00
182593 0.01
30815 0.00
77408 0.00
136560 0.00
97088 0.00
196727 0.01
178369 0.01
39958 0.00
8219 0.00
175553 0.01
39304 0.00
83616 0.00
20486 0.00
41863 0.00
111788 0.00
156351 0.00
63563 0.00
85647 0.00
36493 0.00
7495 0.00
160949 0.01
68008 0.00
174055 0.01
31264 0.00
8694 0.00
186053 0.01
133716 0.00
38292 0.00
44969 0.00
104349 0.00
8734 0.00
69445 0.00
136473 0.00
193981 0.01
134899 0.00
89481 0.00
68707 0.00
133608 0.00
151208 0.00
115819 0.00
72395 0.00
123721 0.00
27749 0.00
139478 0.00
45274 0.00
120390 0.00
194984 0.01
12477 0.00
172579 0.01
43983 0.00
22564 0.00
33533 0.00
96623 0.00
66579 0.00
30358 0.00
157210 0.00
50091 0.00
81819 0.00
187929 0.01
98781 0.00
123843 0.00
17195 0.00
187964 0.01
23831 0.00
15660 0.00
61619 0.00
31095 0.00
54843 0.00
194277 0.01
154212 0.00
7316 0.00
137149 0.00
46711 0.00
160378 0.01
121128 0.00
150135 0.00
38356 0.00
42638 0.00
165015 0.01
146424 0.00
3266 0.00
198906 0.01
179201 0.01
140360 0.00
132106 0.00
109915 0.00
153564 0.00
156531 0.01
72868 0.00
169259 0.01
44771 0.00
193907 0.01
129855 0.00
114356 0.00
75092 0.00
127090 0.00
191683 0.01
42195 0.00
148492 0.00
92983 0.00
14861 0.00
34250 0.00
47016 0.00
120821 0.00
27373 0.00
26583 0.00
145276 0.00
109802 0.00
35315 0.00
89301 0.00
185469 0.01
92741 0.00
92582 0.00
35103 0.00
71421 0.00
188208 0.01
44989 0.00
145899 0.00
22339 0.00
165376 0.01
112892 0.00
39034 0.00
114567 0.00
185679 0.01
70858 0.00
31176 0.00
36955 0.00
146424 0.00
23402 0.00
54335 0.00
107920 0.00
180550 0.01
10656 0.00
85648 0.00
19067 0.00
151153 0.00
83067 0.00
76073 0.00
131395 0.00
129590 0.00
3929 0.00
74579 0.00
184752 0.01
147928 0.00
159021 0.01
27967 0.00
87401 0.00
170603 0.01
170800 0.01
37334 0.00
68186 0.00
155929 0.00
39569 0.00
189936 0.01
105703 0.00
155943 0.00
125482 0.00
146442 0.00
116351 0.00
181412 0.01
5462 0.00
22306 0.00
128648 0.00
79261 0.00
30492 0.00
135712 0.00
23144 0.00
159057 0.00
84556 0.00
106594 0.00
21020 0.00
198074 0.01
92794 0.00
117314 0.00
171827 0.01
163923 0.01
140025 0.00
63309 0.00
13006 0.00
35012 0.00
133345 0.00
177258 0.01
70150 0.00
5549 0.00
167471 0.01
70648 0.00
3828 0.00
74386 0.00
14032 0.00
7672 0.00
39417 0.00
81002 0.00
166918 0.01
73724 0.00
187383 0.01
95635 0.00
89133 0.00
88422 0.00
4766 0.00
1799 0.00
32092 0.00
155699 0.00
86387 0.00
35344 0.00
124037 0.00
175618 0.01
69369 0.00
124042 0.00
194913 0.01
92974 0.00
136361 0.00
94970 0.00
34398 0.00
182227 0.01
126712 0.00
36559 0.00
127288 0.00
89870 0.00
175578 0.01
87122 0.00
190066 0.01
134387 0.00
32017 0.00
49574 0.00
180611 0.01
16346 0.00
114718 0.00
82000 0.00
6777 0.00
65374 0.00
140087 0.00
73411 0.00
123595 0.00
23346 0.00
117098 0.00
29611 0.00
14300 0.00
38878 0.00
183670 0.01
28534 0.00
22158 0.00
99767 0.00
87185 0.00
130230 0.00
132376 0.00
51651 0.00
124053 0.00
128202 0.00
73257 0.00
33652 0.00
73282 0.00
173044 0.01
166940 0.01
4742 0.00
122538 0.00
111863 0.00
178908 0.01
168173 0.01
1758 0.00
78539 0.00
197783 0.01
107596 0.00
190259 0.01
35608 0.00
138353 0.00
163688 0.01
131332 0.00
119162 0.00
122716 0.00
41686 0.00
144444 0.00
10066 0.00
104220 0.00
182467 0.01
168210 0.01
111182 0.00
147974 0.00
2292 0.00
56617 0.00
49511 0.00
152179 0.00
106772 0.00
58447 0.00
64450 0.00
25855 0.00
152115 0.00
33696 0.00
15931 0.00
138548 0.00
106477 0.00
121857 0.00
44580 0.00
127040 0.00
29646 0.00
115301 0.00
144746 0.00
191082 0.01
126757 0.00
6083 0.00
148157 0.00
183929 0.01
44910 0.00
12188 0.00
124460 0.00
141781 0.00
165462 0.01
121623 0.00
21292 0.00
82167 0.00
148836 0.00
31286 0.00
61691 0.00
12625 0.00
80651 0.00
18682 0.00
8616 0.00
59181 0.00
39319 0.00
160661 0.01
21129 0.00
160804 0.01
90984 0.00
126604 0.00
75627 0.00
16270 0.00
86263 0.00
189345 0.01
125652 0.00
193768 0.01
103993 0.00
93566 0.00
57303 0.00
187585 0.01
33515 0.00
17880 0.00
9526 0.00
193206 0.01
16430 0.00
64323 0.00
47180 0.00
20720 0.00
196425 0.01
112717 0.00
122670 0.00
68976 0.00
159455 0.01
60831 0.00
121961 0.00
23070 0.00
73807 0.00
91590 0.00
5459 0.00
197018 0.01
171300 0.01
162940 0.01
62561 0.00
162635 0.01
183967 0.01
91768 0.00
134216 0.00
152831 0.00
189100 0.01
25915 0.00
63356 0.00
31103 0.00
27286 0.00
87866 0.00
117628 0.00
61216 0.00
158217 0.01
39907 0.00
26693 0.00
118253 0.00
137588 0.00
160258 0.00
79288 0.00
29158 0.00
69606 0.00
60666 0.00
78703 0.00
128235 0.00
31428 0.00
94376 0.00
138546 0.00
152589 0.01
88763 0.00
31706 0.00
95169 0.00
146183 0.00
74371 0.00
141220 0.00
29362 0.00
150221 0.00
58994 0.00
21597 0.00
170409 0.01
117924 0.00
175587 0.01
5430 0.00
157208 0.00
127581 0.00
100332 0.00
135712 0.00
115472 0.00
134732 0.00
284 0.00
40543 0.00
108344 0.00
146958 0.00
63430 0.00
174287 0.01
116718 0.00
78769 0.00
18444 0.00
179709 0.01
80416 0.00
18976 0.00
175199 0.01
182810 0.01
20674 0.00
54875 0.00
145487 0.00
88578 0.00
25386 0.00
195361 0.01
182227 0.01
187700 0.01
169903 0.01
135578 0.00
153065 0.00
175140 0.01
119272 0.00
90320 0.00
123160 0.00
137369 0.00
120615 0.00
193736 0.01
154331 0.00
133831 0.00
174186 0.01
96054 0.00
135728 0.00
142221 0.00
184595 0.01
130339 0.00
87148 0.00
161153 0.01
113004 0.00
59600 0.00
19958 0.00
20704 0.00
172998 0.01
91608 0.00
99124 0.00
90505 0.00
172765 0.01
9014 0.00
150539 0.00
154858 0.00
116307 0.00
135081 0.00
175680 0.01
13470 0.00
18668 0.00
37944 0.00
28735 0.00
9767 0.00
8831 0.00
67205 0.00
68932 0.00
162652 0.00
60069 0.00
17188 0.00
177667 0.01
187215 0.01
184692 0.01
42887 0.00
168493 0.01
110503 0.00
162987 0.01
164769 0.01
107593 0.00
128188 0.00
65329 0.00
145840 0.00
115838 0.00
174268 0.01
18949 0.00
51158 0.00
38520 0.00
180709 0.01
165652 0.01
173580 0.01
188818 0.01
61012 0.00
27742 0.00
49083 0.00
7112 0.00
69180 0.00
182199 0.01
98041 0.00
2478 0.00
199668 0.01
190698 0.01
22927 0.00
124615 0.00
49262 0.00
102314 0.00
188151 0.01
68216 0.00
29112 0.00
145061 0.00
155878 0.00
84644 0.00
41921 0.00
29999 0.00
66959 0.00
142261 0.00
64195 0.00
15789 0.00
177244 0.01
121847 0.00
65717 0.00
34190 0.00
74713 0.00
110862 0.00
92425 0.00
160263 0.01
145383 0.00
94454 0.00
18128 0.00
154893 0.00
150536 0.00
191256 0.01
109192 0.00
174601 0.01
175557 0.01
43615 0.00
91988 0.00
27032 0.00
141973 0.00
169728 0.01
104735 0.00
120730 0.00
137920 0.00
197827 0.01
115003 0.00
29765 0.00
114398 0.00
185372 0.01
30944 0.00
112083 0.00
135551 0.00
185747 0.01
100967 0.00
120789 0.00
195235 0.01
137289 0.00
180465 0.01
99766 0.00
146474 0.00
47629 0.00
118919 0.00
2945 0.00
74384 0.00
16854 0.00
153292 0.00
21082 0.00
48687 0.00
131846 0.00
138317 0.00
35827 0.00
111922 0.00
79748 0.00
117670 0.00
75533 0.00
131192 0.00
142635 0.00
40553 0.00
11041 0.00
125630 0.00
36468 0.00
185160 0.01
97139 0.00
16334 0.00
34201 0.00
60778 0.00
141908 0.00
121479 0.00
30466 0.00
37132 0.00
103891 0.00
128832 0.00
50554 0.00
52339 0.00
16672 0.00
34979 0.00
133929 0.00
129929 0.00
93452 0.00
146241 0.00
168524 0.01
117264 0.00
153059 0.00
55243 0.00
118116 0.00
118577 0.00
73623 0.00
169289 0.01
61633 0.00
20970 0.00
71448 0.00
94094 0.00
142427 0.00
32254 0.00
68725 0.00
164313 0.01
33687 0.00
86210 0.00
188385 0.01
140683 0.00
96370 0.00
197906 0.01
64244 0.00
145206 0.00
99567 0.00
146138 0.00
25431 0.00
92326 0.00
103930 0.00
141297 0.00
188631 0.01
113486 0.00
58573 0.00
139211 0.00
188532 0.01
73756 0.00
165908 0.01
133489 0.00
160009 0.01
186446 0.01
60826 0.00
107663 0.00
61317 0.00
141932 0.00
187774 0.01
2231 0.00
22361 0.00
173684 0.01
101485 0.00
82132 0.00
199719 0.01
193166 0.01
101479 0.00
108288 0.00
156623 0.00
83582 0.00
123307 0.00
105492 0.00
49311 0.00
159305 0.00
158647 0.01
181005 0.01
101000 0.00
6777 0.00
163505 0.01
101952 0.00
50611 0.00
2071 0.00
37821 0.00
176485 0.01
189605 0.01
191365 0.01
31223 0.00
137865 0.00
136699 0.00