2119
701716
581349
389884
25737
589736
535400
394899
146793
68168
689982
157887
647522
376713
642629
528490
495093
915968
295498
31764
414300
329476
646341
10483
298641
286909
196212
724473
902292
177337
93817
300400
522154
347164
282565
459698
716444
746068
722134
109638
276700
134314
167559
963827
16441
30479
725215
749479
118571
934820
2252
970109
14512
515655
586335
892019
205802
757206
398300
279465
812381
349731
185002
535037
376878
928658
786348
199912
694857
771242
656346
249991
160568
618395
529445
880993
843968
527910
110546
479468
780550
969142
95560
459167
177582
907183
462790
690479
471564
698671
2467
835211
962857
46926
990743
894666
391944
311705
525549
445889
534026
177871
715509
28147
454844
191616
97401
313750
498698
708145
379063
424086
665572
790194
171240
222753
32386
791165
132845
187751
527635
199075
361437
952435
12481
389602
725249
964027
131294
682126
316398
447615
883120
709181
397242
82525
498316
329845
40857
620965
28498
297302
995052
949710
961098
695202
322685
292647
245132
529222
420993
658139
827920
706250
273705
67819
251462
223674
653637
301620
919905
759858
239406
31212
266533
112149
810725
99696
221288
261074
585275
355052
443515
654040
143580
208179
416227
389447
442739
560396
295312
684454
266380
837914
971873
935941
783980
331709
204179
559913
47841
926206
271180
342364
811501
985727
258255
296132
958037
776349
517772
852738
744242
111515
877655
709230
231799
790895
462264
525510
604329
342227
390087
984873
209799
212771
123679
417831
780274
393099
395593
881918
535167
689954
318608
244057
416986
359533
479619
114781
799679
128449
829982
913906
226499
21787
843792
548604
758314
175825
633299
446590
51382
738251
859135
185760
422661
261854
361028
465862
170474
423981
697895
919611
959946
21450
535132
283713
795304
402043
226216
187345
24158
467772
152071
431721
319681
807838
138255
665599
460440
945896
906784
589328
88485
356814
884891
76533
444126
406018
18827
94707
528520
914259
560367
887935
38899
582901
231768
25835
91420
478082
842238
42214
321976
185592
793708
955200
644511
378812
622418
174020
465171
886909
594895
408367
707830
623119
111768
272469
945782
360176
384461
430662
477517
132278
461287
545870
438976
348288
359223
960187
349469
930989
558923
720607
198441
817733
160421
31598
514778
174095
273278
693847
613467
456402
293425
8030
263266
503416
809022
475726
571533
864368
686469
105473
990124
597182
462410
683407
119223
91880
744034
338224
153267
695486
627881
22249
274641
883113
336129
774043
963469
481946
278954
437586
896208
943013
234375
400535
454094
941443
914640
77165
471892
256959
301943
884924
127483
689621
549385
231112
284469
682758
98523
281645
848220
33769
710882
768448
712005
283722
611548
447688
111994
473309
854551
597267
688989
577328
331421
371514
56636
397376
655369
687171
563476
86972
194113
231682
494054
61163
28167
799361
557746
330291
481377
93415
276911
792803
242343
146367
313644
223304
337055
399414
786732
772531
698377
996168
116207
353983
548906
484629
467614
925618
189150
957843
721754
517343
398691
292477
992720
422195
676743
65085
610732
25723
606835
19363
608801
153132
779030
355201
684886
620595
841937
702566
651989
779651
39526
632358
117016
650149
232885
837032
453884
193681
703449
908974
926607
975332
248336
94285
381778
118151
322003
723936
903916
319518
132841
322942
861435
835332
941664
272941
542853
473142
813701
100328
793866
294652
620695
279596
96282
14766
612211
744328
710150
958227
512577
108031
927419
913371
617018
56697
26991
852944
194230
2380
88540
736013
932920
427689
257315
686234
976061
937714
425849
702704
937440
191374
646711
20525
363825
784405
826670
147521
8201
819560
982028
956085
279932
516027
563545
715104
45440
858985
801034
4898
824485
754536
53024
362566
15643
622181
314824
120758
371408
970594
473089
177117
360358
5913
305807
877721
363990
858166
764983
189252
393535
727897
96513
57296
636412
371524
955628
207135
232576
225967
990862
563690
665696
677908
311990
925457
777797
402330
56377
117932
760339
798230
330685
342173
702302
156989
352648
851991
816393
89992
711424
613044
271445
680528
805202
144520
457972
573802
301374
511340
542231
128414
462262
623533
90574
108720
333837
94775
869904
163936
841546
748073
428602
412651
692223
626707
649274
179837
513169
190897
914310
603916
387661
118632
719327
270140
262612
831701
333966
313029
394680
429052
598615
414293
603421
963094
894312
423495
288987
821338
443126
14142
164884
398564
921723
11236
308296
722818
944916
944682
51563
686987
331311
565811
273452
686014
840705
273439
591331
243407
759863
308812
528438
631146
530636
247600
85200
717779
419478
287597
875135
304680
416232
974527
728506
210405
79792
883176
916837
325488
72361
900632
209422
83745
447359
549090
723203
663316
102379
832042
925431
881101
228823
570551
276909
20002
377244
860991
354793
565206
113253
102677
749365
631292
940295
297165
910239
447045
268101
183351
829175
343796
100377
945489
190557
736229
573603
304289
617064
105924
134250
792041
559200
883047
914658
881769
620167
995805
97178
830135
300364
166249
547822
127319
355739
522772
36732
567965
441442
982122
997797
53559
718279
369425
581329
189672
547056
253502
320507
989963
465801
18718
13918
349935
833302
636226
403661
632400
353823
575163
171453
775647
687310
812789
905255
72033
461959
515159
557155
508831
735697
700934
768162
46237
84921
74065
10510
955463
423728
717598
829207
180696
849462
89627
870315
55454
442657
773644
350064
71425
708540
348069
751107
642573
50823
448955
361430
810362
382825
847749
838051
132409
578323
592206
236296
610946
840290
698944
341033
648034
184793
422653
291186
473043
69749
884547
104922
890958
582702
979264
361501
974252
597493
258626
147170
551845
810777
656934
979180
778851
255572
588675
93006
47957
91117
420666
692296
773413
88820
679094
758328
652682
390940
610816
808002
133777
826996
986578
208494
32307
427734
604347
846019
161808
634740
703078
668682
54265
713036
484970
340731
48229
622769
306453
384151
52740
593974
683602
485877
819851
486284
367834
110719
488779
912042
759615
238646
59474
594350
135965
603080
44209
549736
352151
585119
19949
130272
921424
45965
513055
681850
927197
176824
970645
423402
533251
588423
104589
827089
734943
457684
722461
799589
499977
620355
212401
91996
341151
442488
491432
853551
741795
900007
986929
2613
337912
775361
544694
542531
422343
623995
759984
832593
683340
146149
727160
71300
707682
263776
172019
288571
578926
178096
971118
101499
538358
601895
492942
33321
169912
158096
904290
77555
601305
234747
558652
274607
300923
632041
605130
4580
632253
684065
773076
852259
348346
825699
27511
247980
435491
774368
242927
595467
394972
922428
81633
126804
308635
851736
750090
113152
655169
15401
662608
315148
684363
360018
550971
579149
37266
829035
880257
718677
136404
893838
684895
267396
30479
289350
11562
969757
111191
765546
321499
306324
878651
67003
581270
315181
121159
367694
293945
530306
38396
111705
658013
537028
322951
724357
611733
676659
662926
662158
777775
721258
222576
682678
234885
818566
470577
920925
781796
217551
539380
804260
405853
758096
822600
552299
104965
587619
886428
545846
72205
614668
455965
881652
367562
161859
459152
263834
81329
469600
222649
648510
946802
346058
936117
531823
499170
215671
322336
641895
96712
324574
380737
338308
678637
306753
14613
392930
155530
661137
311770
214006
307626
450816
678937
966025
869233
872344
945886
916993
905436
833324
870371
658564
218499
94072
539890
887381
899383
502
432482
316668
65419
265395
618853
578141
778648
433189
471436
729037
408075
578490
70747
739927
678512
959935
266509
506176
695187
170753
171629
976994
833605
320870
687905
823108
820826
554515
494605
945146
211751
177209
752795
815656
422502
419408
204687
977106
503200
546970
934155
245274
258466
67949
955329
848238
738919
7110
20046
729356
360828
805353
368528
979173
190720
74044
930844
231782
834524
554372
660766
880675
376697
184777
98873
562021
420774
358876
961232
33144
108628
936220
154809
440830
778353
169359
895262
388701
538627
800899
815598
107150
205696
311064
86988
646197
657150
722361
310112
64980
687875
692384
154607
542771
205936
940116
345393
714534
835006
956559
936664
958047
115391
987745
866623
948975
498779
26164
677701
914657
850308
723665
825839
215716
190487
904671
661074
153994
893408
468611
484436
328139
880554
422723
88811
29536
447993
949137
187873
423235
332709
55716
948565
187882
671136
808155
424820
900403
507596
79737
887869
835784
203065
676126
558933
677480
667131
877925
360151
867410
188195
856977
176280
755238
122976
22044
279928
230296
259990
644327
354876
456461
160475
964797
798777
563148
5200
628476
951876
461019
638053
994556
853434
972098
978464
133127
995656
431387
375705
664388
980114
149111
505202
416047
757995
928862
642211
225638
705082
888855
655654
753043
132814
752950
378805
242433
133895
525679
202867
301020
390285
49815
754900
322804
541049
242423
465762
20308
192411
468535
57758
158845
653738
632369
162163
923555
443602
933633
742414
441733
595937
910502
398052
953251
819643
232480
783831
221554
466778
88249
654532
326786
298563
183036
494485
554891
265739
745071
822092
567279
326125
949335
424241
716281
793733
655428
701112
980249
926744
46192
669021
107620
630793
463125
801028
846167
925990
163134
559357
279024
494182
124655
780675
685791
339748
83991
451369
378996
651746
599135
720830
303315
678351
401760
726965
104059
843734
438230
164294
282552
724992
84535
321614
253557
318394
817443
934257
763080
819916
990699
239619
528210
800319
667904
47996
363655
573372
576027
851406
793903
50144
968052
670166
84516
332302
52471
675408
954210
948474
268513
486008
488419
577233
380873
161985
999975
51202
718749
424890
458591
131428
245225
393255
354903
686782
886964
494586
26913
512631
874212
895637
409196
90749
413563
935222
543452
743537
897836
25712
184085
354229
223932
556079
630815
578672
979685
421169
527913
360470
197642
738442
531744
140249
703830
368198
897134
937032
282617
325063
544678
941409
774706
336744
968478
210933
693634
288309
49955
305671
352144
699304
890317
914130
319438
334228
178639
850922
861517
254266
476242
722206
463150
653480
245026
130899
875470
599826
349475
71187
678342
740655
300055
495988
735472
270546
659381
464996
772234
77547
18296
51027
994693
545648
310620
178542
297828
72598
716374
561366
252169
180693
202363
447448
198902
155829
106580
273582
290132
407196
874900
313748
891338
260314
406176
291786
529307
610443
611131
506343
607998
941088
515487
724861
222095
985586
450591
179857
789313
647837
86721
990532
652656
925041
277756
360008
649324
731203
168202
582979
786135
165500
304962
336923
620585
850305
665574
218001
675723
893322
27650
994642
513535
471566
388537
472871
787794
955265
35404
595444
321610
770825
246120
58978
629503
467319
623229
207366
832161
607814
989883
902442
221571
126249
369700
364467
990520
491191
189035
634640
595589
200502
392541
886814
554322
100240
340352
586804
478857
499769
149467
311395
943749
666935
374905
242888
401566
209788
309422
143784
749387
410996
50322
809515
506405
863326
251617
16548
582816
25330
156760
49902
189049
143596
19456
618311
136822
165360
340019
998084
317762
477524
70391
814369
445648
677400
460930
817698
289249
208448
856216
706449
318601
640755
644730
125244
40738
76152
617561
422885
142678
438310
105285
478237
198280
617677
575213
545884
39189
850629
908501
715326
623381
621713
490074
179896
985485
159441
216477
746157
123576
905100
775355
795333
906849
689031
603142
774760
482389
352809
332586
828643
232362
8061
204664
928051
718063
749488
802515
641306
482935
994252
906116
355675
243796
17698
148947
430230
943923
777639
876722
722418
100191
586826
909813
478612
209248
353271
922491
40059
925716
111554
511412
128635
538819
665997
648725
259803
768026
875104
646767
20555
765110
972235
324900
649001
574268
429333
334685
932239
302434
968401
102656
206120
160485
146502
684342
329959
403319
35366
72066
905614
789008
553552
298877
6013
969837
835247
298642
110832
48781
344000
470127
589751
153304
848039
515185
792388
961469
391233
308828
547900
219445
222709
463433
644019
445571
328884
453973
924574
803978
467291
511923
564645
581882
805918
494531
85858
156523
848965
890061
581766
769350
978062
627363
903688
307159
576417
219231
160645
585142
16575
49562
21208
839372
857782
60801
293916
240111
397705
401192
98322
99850
617621
432379
490912
630958
77621
804001
786509
807799
653877
612184
387967
832178
583707
214265
396693
754267
519542
167771
799336
604102
618104
207887
119769
577843
216097
675114
419494
704437
638167
771078
141447
734519
49464
169420
815905
483515
454619
993267
748760
298369
84409
889961
207004
567497
308683
230967
648216
975483
502220
168021
461172
921020
573893
522826
678739
106203
937392
312426
265228
336533
379190
609973
695385
852275
79786
594974
688636
372820
648642
197072
147713
911336
933439
41572
483552
317150
165412
407862
157177
808849
373134
404131
952919
264932
667705
34794
467224
984817
932827
852951
511247
951935
324869
219043
955604
234643
906417
543826
763417
799287
734547
590841
199604
724933
795229
270786
897230
405841
434747
778559
926052
834706
696229
269489
165140
626495
575254
422825
715012
730707
271922
744924
697940
75928
274793
480095
541640
39610
429687
443519
531373
260314
513268
182488
655903
320479
759821
326224
426313
334419
854855
101009
278325
94736
279342
164460
382209
84367
237039
495911
488287
31884
510936
502505
336704
251465
37693
208216
489099
499079
269041
754367
751383
516982
685232
866069
928063
551223
6305
940346
229583
215510
991738
105457
603696
534880
24201
125431
697344
831517
338318
422805
333729
491398
829618
843514
173821
640845
965639
592132
386081
234175
214027
863151
282242
190363
720596
46696
30164
85302
35094
333598
678590
940373
238081
938606
448404
274749
348059
654008
815410
37120
229432
336489
453384
532834
498362
438270
859482
975999
499239
336760
637749
754618
498016
938948
162560
233004
721035
947671
583021
756772
419663
568984
290549
270893
571926
416003
210535
954643
642974
595769
199856
314061
557284
203748
326395
707664
966605
893196
330467
525162
616582
738412
155812
711348
912902
127144
370364
10276
516572
269919
482994
953009
700431
207906
799491
777740
766811
472443
15403
212269
595624
850117
954247
333292
300167
605644
741808
910996
837830
322666
742396
506092
405178
670584
192329
51173
924451
177529
475619
577800
564545
691662
553494
779660
322896
548145
567356
621847
469636
889945
548668
548399
929761
728575
812159
335879
854743
95030
135485
363358
472757
143116
294788
936958
308349
468333
985934
320199
451118
659814
488956
109159
402618
6385
876329
817129
873801
754768
326905
700006
121151
875520
695284
306573
563289
125941
749099
197312
792467
337860
838533
670153
62259
196177
122708
491569
65677
184738
775879
254074
261775
450047
173550
178083
357547
712211
485976
754397
786907
585302
513907
974667
629645
882873
686787
856796
676193
211845
282569
728557
350290
213609
549599
890093
593864
817676
122147
110508
322760
18171
175391
324088
65270
862269
966198
340554
584641
95752
168128
45463
280169
887998
130643
560700
222770
542780
98150
530749
952929
427365
880145
358699
725898
953559
136471
648489
977065
198979
144213
605151
703680
976227
436331
991567
521680
172393
548832
108754
941468
253360
391142
535780
327517
212019
82496
200436
413299
193661
525763
736723
413866
995689
165984
864389
749601
793514
108156
617504
782457
805360
521119
650888
682741
228367
314926
380173
11627
218194
201495
521014
502305
665801
687821
400920
348114
403565
132592
442331
906676
974965
668973
920321
66989
534391
404902
446814
961134
460918
136034
957592
143387
49466
179020
899675
451786
211199
227968
196249
181531
127510
732716
469464
33294
831088
2850
283549
377990
616085
227692
473676
281162
182695
308180
113242
2947
739727
310122
953012
348033
246119
74497
902786
469319
106130
856306
287658
780975
574499
52217
553568
125077
349875
614335
58391
267627
449729
627868
796731
51175
256066
894594
673760
683069
151469
307248
994713
161791
133901
797193
667132
943313
675413
474290
671823
502388
719736
983062
298063
675745
361024
876354
538833
569917
528012
643422
981778
795994
327242
937395
676398
165996
824834
424539
53351
651388
577433
817433
585110
125663
725720
854032
116726
740923
847380
64239
416946
798090
761958
77830
315220
423800
7205
288751
171891
96508
26505
24756
80547
28834
42470
994217
3376
990321
266098
504531
989344
43145
636921
832922
172669
998936
247559
427558
867519
62376
379465
164998
233553
289120
228209
235239
750314
466106
996662
791367
938219
309698
761411
605737
444694
527447
813863
330165
118409
685053
711115
940770
634158
993452
205939
322243
845984
748945
721760
977786
401393
897034
795160
169333
619343
655347
942443
211128
597650
141046
249226
824590
977003
493444
174813
43900
315811
798794
467213
358747
413955
169755
463854
438683
733336
24496
143507
634665
733718
376467
272395
98849
431537
601495
712337
184409
864266
408696
440895
115690
335652
742878
597497
558140
54391
102185
501953
602372
468911
611999
772563
7166
725946
521291
845742
310220
537598
167818
394713
953258
153585
135011
769873
280093
65587
11708
601145
834668
999233
627483
792979
540049
441400
110953
870923
750683
284452
294814
516405
501248
566240
469824
508934
614920
180529
327639
630044
808250
630947
206376
678944
29347
199191
742993
570282
579415
145721
256787
126928
762559
746171
659569
810266
848553
77831
272328
841174
9036
755833
32625
578113
64773
861802
148507
523942
643677
514432
151789
286571
15065
490042
214228
204939
852249
86271
758862
251496
73809
693382
20309
763889
583057
818825
209466
782460
320915
942884
236463
794047
647052
642800
534291
763346
363749
610260
185444
345196
173462
15494
701377
331283
299055
981660
173829
432679
508627
287821
504566
460964
656055
475147
866444
509367
94634
438863
51505
91985
566567
140182
317541
881606
268754
855217
365626
819561
577294
783412
462657
271515
738104
783195
271682
197581
117634
226393
868267
755252
955281
99899
264193
846707
450663
639160
942289
623787
958175
857531
105440
708391
457657
364561
220351
677710
237781
440084
200823
819921
441798
961547
959553
842172
236176
208344
745978
185175
953880
870140
398835
113277
210455
395703
786462
995530
100740
588265
67816
558813
246398
798866
183465
683266
648141
419998
357647
767100
190315
931384
963317
488074
139557
92022
332987
800499
480121
141847
89782
690837
32784
247184
284266
721047
986729
803723
728584
19123
321697
534586
40524
870457
810863
113960
527965
706509
606285
643094
325838
911729
980765
156714
76308
354651
605440
604074
165600
515563
406081
73501
851391
745425
815314
785804
305279
969113
401040
514900
800244
881622
780093
263762
377198
596223
608190
670734
277857
12317
504536
785087
292890
999869
958240
463206
833235
336940
32108
830143
947491
669050
196100
156307
580424
197180
569085
795792
193290
302655
644795
578896
317140
130830
433074
351781
95635
186273
767135
975563
338167
19121
499176
110018
60702
566227
237468
239089
913265
680981
348724
568279
88477
802023
216829
981573
720208
215317
827151
976648
432419
381874
85163
422915
141875
316445
433791
764593
961828
18166
183592
922372
818508
908491
613219
585968
710998
782281
670760
638107
924976
138559
236618
666585
126529
1078
853924
822274
270238
650047
239319
266266
609403
255608
87936
820344
34268
873783
555054
432433
903837
431909
743309
549779
696250
438505
546575
164261
778515
547276
496182
777750
966160
743643
959578
615433
267594
752423
842195
864041
87727
609203
384854
580026
763489
682519
525001
308950
836373
235263
157887
275908
197695
679429
83855
4498
549707
426289
938378
948052
526163
376807
897403
687651
290634
953096
960893
481611
531500
632489
636009
124574
117966
386150
912506
212694
876250
972182
41457
227351
190191
916096
364725
260906
805538
769109
113725
657039
842697
976983
383326
24931
782090
176656
712176
374435
416450
129884
745824
929978
603568
744283
244793
876218
395670
6672
909281
193805
554624
28633
267921
757643
258032
849578
483679
17784
36539
870329
378032
422562
377181
792721
82004
257130
825558
418426
310300
284379
701180
625027
64893
589404
621644
667899
484566
401449
212773
108875
450713
507456
252243
928922
511105
793451
356299
29488
261587
396150
510592
102610
446288
748550
977419
876410
799796
320456
221729
53192
164061
555938
476310
20495
64589
171863
888430
695689
174511
689638
46660
240658
564486
743037
976760
809670
358106
819714
548752
381960
213827
37831
513097
928396
570673
965667
322734
9006
302752
158433
938731
456840
355505
452167
801747
54001
797448
836895
80935
99468
792636
70382
849904
742863
948443
430813
712616
232042
408577
553319
707183
595330
355576
660934
413733
889793
901948
896188
683163
327290
706438
817536
482421
530527
304639
980297
929426
919799
748432
212058
560288
956946
470850
792334
225021
208323
960501
435072
692070
7249
916423
679803
46172
948894
205562
611647
69472
585640
686785
558018
321846
482119
677216
845264
752010
443414
713696
95026
359938
587286
756207
770070
5968
636273
419004
669166
646903
601037
454194
807102
398327
70679
278654
953997
926052
259300
360138
221
827789
583445
196149
997854
706243
229579
897613
754002
428404
218912
311164
319682
897350
395651
473680
621865
165323
802276
70025
964124
149068
784253
592407
476679
19193
387629
679335
261830
15516
98411
854078
809202
539275
38001
198504
467819
99990
17223
813959
573878
372235
698722
311090
136858
779280
28145
584176
551848
947392
876812
564074
301508
735756
394161
917725
630606
442596
977700
666358
135452
997293
983596
135918
117132
949786
688889
771862
995020
703214
755827
985269
503344
375803
749505
814511
447169
488080
869319
36492
756387
173550
770379
69042
231281
781649
147587
389593
114152
536668
135306
354630
952887
8307
320537
576188
345187
741119
881945
771763
792576
305767
40827
56500
688863
59654
444552
225764
373349
99364
141010
400600
444567
288464
884204
274181
392766
531915
885810
522475
22957
371705
716693
12293
979469
231492
292272
360264
372370
207023
46779
827076
401624
992007
907732
430504
799107
479961
263785
285712
119848
145848
781508
275498
963213
450899
542615
364480
802614
344563
978353
947156
48983
371812
578430
34652
144049
309286
164803
228403
758034
18569
41006
631943
565836
564568
237085
10438
649790
156800
444303
205959
196833
716927
892942
865974
355685
764099
140505
541434
944601
594814
883587
242680
191527
956930
251880
537375
736814
724596
922063
420800
319174
440525
490055
937746
482615
902358
324748
835035
920488
834763
442822
872757
553267
216817
651872
401426
210101
499308
559092
960374
13613
303915
746502
535971
783016
440599
588400
698715
769350
206024
305709
516368
654864
896397
329020
259035
893128
309820
444864
713157
299157
652362
989141
734911
35798
573006
431312
791212
475330
66025
548788
295033
35087
341599
448580
99862
45540
293139
428114
656682
605360
923215
599506
703358
679457
583683
246413
238003
166720
40861
203941
238845
434193
290013
362371
970538
549254
859986
215764
505641
197821
809359
714585
119176
739336
216500
740330
581342
645440
480252
785756
715064
656205
862164
166523
13332
739952
543162
943895
533881
87928
85829
330723
211828
17494
508823
30960
846411
282900
193104
398666
826338
173940
694454
612580
363014
548810
735077
636896
854179
81382
159244
115652
684459
772869
608239
162689
28711
810031
414293
271438
479227
862301
51187
688792
544872
229195
749809
534244
268062
715893
59551
41754
36774
380617
30506
552011
977993
994204
102294
633236
462718
631768
603287
441284
447722
764278
595888
605870
137666
193599
180861
91666
245797
905148
124199
240093
520264
40947
126631
273082
25321
708370
999650
137416
728711
762278
268459
989994
557355
69893
585236
725869
252294
617999
311833
95050
37559
954999
381338
532847
958366
371190
153786
233407
358934
990215
209252
211633
593527
240440
907330
970357
352367
404983
581891
345767
732716
831682
116108
786083
999599
924319
648490
978568
758210
632530
496984
726350
571161
953081
730106
999046
438820
195716
869870
230722
781069
673119
232641
460392
580591
617821
834094
8857
899487
972712
598692
943443
640326
293904
747659
681167
334530
185253
631046
707147
431187
740498
881106
685430
453525
67392
729576
705616
37139
108565
387378
294306
348238
881168
253391
889274
323514
447990
148496
767052
810873
816883
94439
440230
438632
383677
156609
542216
201207
727972
698795
268414
917203
585437
668004
991987
183077
992966
791640
315642
878440
333510
70042
869112
144555
427880
568327
195015
185631
91647
599107
779643
397274
628274
682774
259100
222227
388470
683821
774872
685525
952385
205151
460972
729597
761569
102856
324769
761480
203807
817026
194916
153589
702819
407868
621740
177254
404539
114108
189764
982679
281384
223367
376636
588201
970070
811878
834505
442335
269473
965844
182673
533789
236669
69146
235188
869456
968980
737454
289294
883981
64816
364888
462963
664162
251986
284231
979519
474209
241266
338821
736791
281737
357727
377098
712574
863108
921068
914572
728431
373047
894437
726046
703095
136732
228986
700423
99837
606667
48931
470295
562328
341355
672206
783345
50974
49550
608767
934938
820498
850131
217993
66578
881322
447596
979093
304283
468467
310669
722310
988336
483362
56197
579372
687415
557168
652740
467865
510863
929111
198355
583828
926308
890752
628934
794335
141666
594571
160246
995617
140542
327303
932781
16022
424673
503534
25773
237692
668973
913711
816886
23529
318352
697794
75266
760304
740426
602212
827338
557666
777620
118618
218914
535213
247717
295273
587930
551876
233227
849528
423689
102461
901226
13374
393399
519373
98004
214249
125824
64707
177032
727531
450517
737823
86977
270332
361275
42075
477871
452067
122494
261434
47579
831188
329565
355717
604597
374327
929444
48307
803761
961008
980693
751150
953595
89952
43203
222871
677522
647666
369333
319449
179307
25539
364278
546473
78398
95106
961608
483215
462847
702889
651653
859803
635115
435301
590646
83621
641504
470580
992274
444110
198922
413157
825088
644632
899390
287579
414785
246073
152198
531556
674064
473921
244672
889089
297345
984846
426858
728142
92207
53692
409008
823948
347877
517345
427865
399878
240697
543659
504108
359350
323651
346242
897350
603421
337764
912686
501520
596195
918716
474590
911485
135908
963956
401116
359861
149214
699711
445445
711561
285432
197664
496079
932451
35370
14941
324069
423519
185090
125731
457652
128961
766337
502464
973364
234680
712714
50569
271578
204008
352325
98840
266005
211658
694282
701368
575923
303602
203965
910079
409543
709205
594969
193972
989441
888279
988527
69579
356476
789460
623229
815810
989233
715225
516418
653731
557669
702321
308298
106324
669317
879994
240613
251437
212121
169096
583649
597971
681884
432651
6581
383778
252985
179882
912818
712043
665922
165629
879628
43476
605093
385126
785921
665697
390016
177350
900833
492396
54993
10479
387834
258705
760804
563466
925979
655989
846126
854331
783258
943126
749335
249030
184833
889480
924410
338444
507150
347221
824143
754458
820991
194787
279661
866119
890736
939022
877738
401872
728561
674988
726722
225931
612826
134734
860901
177177
92922
347481
68230
606452
445439
117987
314147
829273
536982
845433
382580
122748
635565
260525
593987
258413
191603
217569
606329
335807
23459
664682
815453
711805
669755
406726
923854
918060
557199
782580
71400
786671
846942
229808
142050
965556
690698
218482
69133
704835
730519
864104
936354
257580
580733
488026
98628
651680
655060
358259
534893
10128
505020
806519
381049
774994
613727
773294
447935
19042
356492
751685
177590
574057
581088
257117
795808
527613
840093
152822
888110
542012
275198
566692
835518
787400
37839
947544
89528
251902
30755
260491
29136
95453
267799
921282
669616
715259
96588
383809
140712
658898
692729
904068
544568
675627
172590
544624
355886
212070
452747
342164
983428
687081
77807
496650
74670
891637
309609
927752
409684
322056
771468
526073
685177
719687
218547
724711
298133
653712
115717
251484
638676
776492
423785
439435
592138
27677
569636
22987
464726
978097
332348
599316
844508
206552
946189
825869
940021
475680
707404
264814
669645
257497
329625
595371
333831
361507
759452
499839
160935
739219
313048
284724
625216
644736
499813
766383
867403
540805
208303
193812
85761
868375
462764
395790
830452
861832
498527
168434
497559
194649
165257
559357
810393
690687
253694
281320
961255
159229
967003
327914
358609
579026
603223
998787
280399
918287
169497
40604
623757
9837
913635
468662
260688
313339
541232
724792
230070
274971
189544
444182
1562
966948
374694
351660
367279
348964
384484
645074
75414
333830
135622
296568
291456
305836
964438
167559
543405
671466
44059
988652
488052
167164
421961
309141
455304
613544
100535
463164
996838
330037
868238
387936
80436
445633
115714
616594
294679
663526
766912
597301
406401
482037
956085
109550
512157
899693
446101
233121
874035
127480
864270
223999
744707
318496
492971
123371
647088
447769
264436
524687
301738
142904
524189
292602
791670
89340
275144
475681
466088
668994
882772
623421
532344
705879
936702
502033
828320
324994
142485
545252
530486
103506
799654
757077
690383
118578
582560
364393
953215
749630
520973
762833
859520
537964
333562
954104
704629
595697
124942
514527
658977
582896
395842
171692
643510
789211
300524
491447
630966
360356
685558
701697
798191
878076
642923
994245
280128
90094
566046
688451
297282
79751
676136
388411
146856
508818
134076
382274
602544
992993
900435
120918
83210
149375
580242
704626
116691
699728
301525
977564
483656
723856
114302
411922
933545
195715
398706
78494
750604
426077
905947
910591
865333
73157
728239
899741
131654
120542
421496
320652
800316
643291
718326
507020
292432
682573
396749
781735
509102
890236
934507
448472
578524
689111
396679
247251
608049
722518
87746
841592
625063
48912
775279
178645
936401
750977
423812
263842
244930
661314
840913
706254
598568
276677
710773
881947
240150
745451
527337
935971
687381
604794
780472
879526
863822
483472
576597
225526
676401
449168
89860
723107
877094
796616
176148
252611
100006
902676
594222
414315
624047
83908
994273
775376
545771
504506
712904
889844
402209
490488
966815
158253
508838
864837
147588
240160
833298
546313
828105
444787
728410
983385
563508
260629
263308
549712
272265
511175
205460
323365
310114
528173
626993
557475
698887
499569
434373
458021
613393
93561
298903
700827
25148
634603
500183
482563
445915
408043
947400
619082
506635
660654
330069
458362
710200
359621
395078
320307
350167
415829
452159
468773
985749
119274
731856
347437
308365
649055
675331
487352
583511
160707
169390
192885
543746
151361
801391
738970
399120
875629
537985
698434
261859
463641
813454
199154
888292
705711
642562
232555
606068
119095
114057
673453
397759
268953
331662
856117
781033
441234
563530
118169
111519
831676
524826
955990
700027
224110
763993
493549
266696
694923
456856
462473
224360
995082
31787
186676
452725
126317
399174
640086
987724
69997
785110
522730
553148
679709
52492
670761
41489
541520
868222
813894
349618
377264
394405
66723
238514
113529
879621
876818
281510
263452
126065
54786
862179
756865
338849
77604
48197
138201
840590
312107
804314
592711
252633
994722
686269
82583
373735
93616
57209
33205
751896
689292
59947
642294
876462
736387
242533
151075
113112
638222
367956
489382
971787
21981
325045
499918
217488
337228
576399
701866
651337
397631
348860
200008
769557
374178
442193
911126
914424
575573
997019
836926
824889
372499
163440
662375
216420
958346
836832
694385
111911
531289
562886
899008
257043
840875
641951
197979
477025
859900
136903
154227
892694
920140
840298
261227
707670
677403
771787
712756
591128
475133
565922
349676
492516
203031
403596
215797
906484
811090
62423
767878
968638
492779
810571
438839
341783
219509
393906
67948
27463
403621
765385
320403
353337
218335
197393
617347
119008
697419
54889
741715
295447
272018
780592
520687
981860
956341
206797
79557
315922
611449
557838
361476
996188
510374
745122
559021
942296
17496
807130
15443
266219
290073
104641
940396
719186
844831
511733
126043
501
562984
374774
748827
455606
653435
184790
271799
236575
459536
829803
841609
227662
809311
327192
680339
550506
561905
372253
663673
777786
608887
69876
124519
560507
34595
447577
409103
192330
592102
645759
369452
96531
26200
612489
261762
648923
983325
141295
801248
917439
644149
721593
431747
939564
507559
708529
983114
15981
479174
617427
435285
644081
132385
742291
482862
726998
570938
526950
894129
268879
786912
385659
678294
458097
851789
505479
908297
884930
119261
531180
343707
680112
594429
758847
204783
950079
335739
240938
746362
131094
372918
739724
317181
756351
25470
300222
462397
189236
818708
870248
552464
547119
926541
836375
930301
876027
184251
589789
916260
87008
547012
61274
230154
528896
507285
184016
237730
210386
687455
567083
559250
12133
943475
640430
722692
70146
892251
143993
191231
414329
969192
952101
58347
83218
474147
326566
619191
510225
980374
980550
440613
476076
26189
190306
423786
884872
20405
136064
633277
978878
571247
316883
357264
727637
686652
415642
152162
64707
205911
936837
157676
127713
834366
185857
705411
735333
206837
420251
376882
486229
2664
810643
236713
824593
760933
174962
66313
154850
115338
269652
519052
297054
748216
457494
709428
633293
797589
553967
622678
949251
105396
996490
712648
170505
831490
191028
609915
675590
624736
291873
47764
120907
507356
550668
136932
732619
429418
154763
231587
641867
228564
899413
940530
156272
234448
555253
706779
79888
831222
601127
316814
775114
939949
319855
434259
165014
391178
560957
208707
627711
195351
356894
791714
102553
993828
800942
441403
229434
943172
188022
821919
466323
384320
532094
705751
836210
136847
601824
848513
953850
337858
490122
757638
843523
476088
935708
167123
156468
311952
914765
787447
396840
683411
509481
512283
40701
455022
240806
719254
556283
482001
620662
159412
300744
508624
864771
27370
661043
472590
727343
592493
279409
76444
427504
815949
453017
194626
494744
368825
189140
276085
950206
328005
427074
618464
342525
760743
785951
571556
732196
101392
344034
967086
432481
268077
499951
482698
226574
905274
479974
855840
742946
944335
863462
308640
182863
232312
380382
293295
411891
730374
506160
440237
939053
492398
420490
511305
176936
773809
428762
760735
79691
409465
638525
50734
839922
717170
547854
792632
285211
46092
811820
898637
929936
787333
606075
40321
952381
456319
496346
657110
891992
499933
15286
981072
679261
401866
660513
674954
8042
690558
259781
44662
898248
345394
542300
658251
549696
36471
825999
722666
917992
171882
607478
784287
835046
884093
464257
426835
614632
414701
394438
990702
520967
391721
842512
330854
492885
795158
250808
843067
284824
222894
933907
239848
400423
327902
541985
470845
357231
58248
158760
103159
817267
520674
211068
913163
920248
25834
728233
180958
867195
259942
868424
200271
269221
994862
119272
263544
882225
893665
51428
189017
953229
839912
479950
922906
627827
844790
601982
985618
819699
240125
920748
270780
720544
995394
673076
284471
223044
400979
667080
139111
393130
306329
750469
690056
834167
232235
778931
882331
89158
146550
256380
30885
523827
111727
777298
647122
282300
163827
44521
20464
578951
587722
707045
933387
877254
880563
24899
915232
735470
888398
442577
931531
744194
140231
125266
489771
957698
9903
759047
48997
854851
375567
171958
932720
5193
59914
11787
303432
875626
628903
41351
306355
194470
40877
406122
929931
333875
20442
215222
607253
532393
117089
987327
247654
218688
844667
403590
259867
592453
650452
673150
989959
35379
873441
133400
133531
944538
725115
201238
951679
238178
704739
892445
107588
759223
789580
192463
19557
418967
341345
97998
798729
525975
60332
362701
100503
158967
496900
784751
676984
251187
369397
221292
414614
59872
687338
123413
944758
912628
602459
147649
223517
599942
778719
25635
778062
476264
977492
602221
523623
184919
274634
986615
293855
660938
932562
134758
78253
417007
690449
831181
630883
479562
623145
237129
315573
480271
877376
504547
170804
863789
733978
766961
194825
416894
449816
232286
414794
982038
482327
99721
981954
740000
656863
947119
223543
663020
962077
51450
315537
171572
948097
714765
985185
280501
148750
605624
840969
675857
180979
662186
905042
804723
570706
316506
106192
420449
284418
867035
552599
9963
147983
865347
612028
71865
72023
828487
478227
561854
49184
50100
630562
1245
9009
175052
84821
692880
547277
88231
362397
962266
189485
214755
974060
758804
918325
130787
741285
248123
246888
450324
42612
333569
408932
326630
793517
910862
280244
57093
672851
587348
969453
703683
634210
550964
561526
61287
314886
513731
241730
350993
970487
504643
199766
542668
259160
45636
932352
207005
881509
904737
746906
946041
845934
73722
550953
417607
363432
490127
681114
577777
859148
322121
284519
436538
296489
983909
908099
352358
551409
359407
702453
260137
130671
348621
24230
300386
237073
735390
955539
213225
208627
805593
727312
776873
14433
501280
214627
281113
238737
118848
961476
891079
239373
218313
933572
101070
374726
432333
681992
384347
432552
195967
225836
93092
550526
859544
546491
757427
665221
757309
456396
679488
459735
464684
25111
486665
821509
872757
507989
652154
386941
359205
287589
615183
378560
157921
740117
764518
344508
678251
276053
152830
892067
385585
851372
915400
546873
9942
594523
648597
695214
66772
889978
452552
486551
242081
509107
481685
942783
321461
788100
784503
140760
614138
525409
443828
990827
651080
481785
824397
78676
633391
610693
722358
683177
219951
265234
409148
618393
42248
818709
950902
482981
46973
837820
356688
888962
265839
201961
457368
251707
928517
526074
757712
157611
322765
163919
634145
201052
837325
240254
858800
257066
766252
93195
573460
281698
166846
312379
629877
920467
681236
840872
664186
594442
161378
520351
857585
477537
433347
503088
6180
341504
202300
590513
476168
855921
942707
527274
64673
975902
9235
615504
449911
820118
355170
953226
330558
295398
757532
616756
545214
718570
25461
703582
207560
255252
905436
240470
870452
715366
135189
675890
574839
413412
234527
457999
928275
540373
44617
48387
514287
86406
239744
189463
321805
845623
874339
454531
614585
638529
413269
791302
632339
252248
171281
854648
65323
312159
24679
898681
178787
990793
118391
733001
374308
958965
195145
644353
572137
785044
232667
357806
808733
641035
190307
202248
989775
146807
95288
225264
622505
868123
162916
975268
919819
747552
230270
299728
810235
836454
68797
779826
987571
826492
55396
8853
423520
172701
74499
683616
763979
376920
850248
567658
701085
703554
748103
904911
347901
76434
1597
747815
844805
756736
736986
431675
931098
39784
579159
924502
736809
544977
794256
289818
951645
202311
433491
897892
623509
180472
251760
476216
510751
484717
316659
840936
102522
823957
436236
81830
926385
233500
70911
605523
606453
119584
966930
31663
708159
466683
899197
410980
939212
461933
860173
85678
555645
347314
902213
926412
20717
655399
997938
592221
153855
863228
860177
685157
936493
338595
75654
88941
147546
246072
261803
421252
637788
673225
593638
132537
764995
420777
528616
998154
144772
399366
181781
572053
745425
939994
226476
79721
978516
180744
112261
93890
746924
14512
909975
408144
324541
290991
671776
541693
949093
369508
869978
502183
325921
826595
178143
424045
407202
779956
925629
671540
371654
487882
679954
867659
155552
546469
656297
675007
274197
188142
13740
808956
742844
715349
13015
470834
158005
843376
57773
45651
33199
60835
4557
863169
869252
171517
128910
400110
341600
71623
994074
56864
189504
981264
72189
637286
107172
258939
201015
504967
970217
79310
382321
998868
219889
100373
61787
708920
605646
770861
908146
802485
589749
93967
569403
317251
68309
995320
305650
884885
454183
41292
51264
692748
781698
619025
213861
589701
700623
343811
943842
278697
450018
863610
161038
939985
265705
501716
443929
276609
386807
571735
123886
766437
365754
229846
6843
946751
251801
828337
444302
761796
13594
395577
385918
693468
626673
417858
436349
409808
662098
999322
230705
285537
288464
798548
292263
606639
31399
109487
941181
334880
43229
202236
811416
780005
882691
667126
182213
456277
871060
343450
278198
708968
895504
971252
177588
602627
655309
443504
717151
672599
400496
365783
89036
531350
381979
727208
263709
113406
627245
922865
717238
828519
734737
538092
845951
836904
150014
983041
565211
541033
990419
79793
333468
763405
705463
811414
710722
394153
805460
552572
307115
245008
779996
312125
738895
529921
301728
393187
145499
540665
555493
333194
349209
443340
199011
526332
256936
857491
634796
671914
55299
833411
824856
550895
748547
441707
71947
150859
405447
255977
379328
920757
802125
248026
168389
722833
527763
615624
75349
366399
850815
675496
280006
828626
723587
645151
948282
40367
526584
785758
582946
709120
512058
821238
751514
222173
645286
688510
767763
495679
660017
502924
473181
944183
952882
489968
401319
483808
474652
831932
248273
101937
628141
327996
401595
517208
670125
664429
629070
576997
100104
637349
530342
952167
202816
345955
933885
846218
34926
232087
472057
37669
369959
611340
264123
649275
978852
125696
206007
831639
56578
817578
996536
61699
409993
491553
809063
291243
627954
447929
933456
343983
364325
499673
226641
198457
774288
345004
725239
993845
56737
910746
34672
2017
969269
370071
960385
62582
674869
192011
169290
979477
813408
251247
651771
13883
356725
145176
310557
888827
437464
670512
171233
344808
697574
542797
519360
445443
956271
492877
101667
949756
226275
228849
629873
386847
230827
683870
862324
290618
773645
510653
586157
639968
461974
61283
462893
881895
938587
83469
403896
980625
250629
479650
561505
174407
685749
646177
23811
656316
904759
865182
669559
476024
763401
356897
84096
559413
464185
293043
709108
336965
435751
437609
700689
282933
624431
967137
3026
367833
535085
488821
744394
499100
320389
45716
751664
274537
860510
947711
353546
32970
267423
337476
594700
821224
834587
103242
574392
473033
561596
29872
332386
180335
900639
503838
412363
464611
311892
383203
970712
8622
47793
491259
201223
465124
741476
898556
320952
585181
748119
348644
729345
826565
172182
214998
311478
464696
398324
132479
613266
932669
163605
567538
36231
874637
231812
614474
511282
983605
566600
580930
195360
960184
371694
30275
635876
642830
888568
163003
149713
153187
377894
295761
434357
400507
101417
958231
14517
288571
176593
742323
660320
536671
321847
115338
526416
822954
706229
637017
197171
97684
344838
387105
119779
983911
258533
766255
704296
866836
749569
521500
480076
615261
950692
480388
654241
206808
343012
187288
328919
501149
168108
654691
485098
902287
984392
730847
533237
830538
894355
398998
976229
835313
870484
144615
637686
299032
278094
603068
470355
506321
845514
343439
628777
358005
454452
698321
109794
631125
474775
330397
976210
982147
522516
54271
186053
55249
619261
523735
38649
685958
74182
599006
573930
936144
723123
35718
406697
167706
83648
923599
678618
178443
273585
368425
556981
587628
452937
904146
799666
431622
378857
154928
115734
91774
183578
960760
810119
20794
810854
197439
676802
237150
331800
429151
498239
629110
427657
298259
240124
975848
373104
232676
397194
985527
310357
941431
666173
566886
662987
976493
265255
333011
513141
17133
163969
613989
837162
180647
397993
729970
651521
474988
998478
619732
69424
89636
590331
327102
689411
343204
995847
889670
84009
78381
957282
911713
905967
962734
670609
514692
687343
185157
852444
636015
984714
434747
969905
18521
855058
858929
369491
222892
178362
155843
506846
805099
996728
872336
151002
271571
335731
571210
386860
600389
292513
588658
373424
823883
751102
150069
358
156296
875037
400184
125640
89701
334440
91863
154641
865761
930216
961767
911353
767940
20103
764494
722708
515923
26693
422132
280318
853216
342252
408822
834838
364663
221349
62865
335678
94130
615334
510121
733860
488038
686324
951319
51227
228619
98846
880459
513766
765733
172075
981839
71812
311136
490208
735797
373026
960913
499397
426791
645211
163513
66697
35673
865018
401450
452652
668377
112404
56456
549568
601449
554640
389753
126254
413169
6665
734292
558488
212376
739799
589540
313700
42216
60638
881185
103249
111870
801428
129212
7585
211199
493273
599486
609127
679446
84634
369281
526100
410767
903951
981727
954713
585970
105445
565903
824258
385306
995642
557883
303968
392167
415271
301467
150762
756461
424901
320101
152869
369267
481210
164526
414606
672657
924565
753864
300163
549059
881123
601427
712693
810103
295228
511060
62372
555615
915323
344856
343841
224900
305175
134379
137154
673780
588546
210613
603513
423689
570522
811657
282879
603988
377732
511773
925980
134095
266935
845473
179423
925195
927465
381330
924401
705899
303375
213301
543627
270035
609592
432278
977016
842630
712226
14867
490914
635707
376209
340137
405265
26048
91693
102339
803301
815870
252773
311459
992974
781637
3323
432112
597194
816288
499164
433446
622529
486402
65405
274284
539442
534852
161680
218521
820349
907085
327247
287134
827448
289285
127030
926786
608227
227470
549821
601766
927178
709269
171983
107019
173783
627510
306315
571782
41438
485816
413627
494270
975659
692570
472390
698935
871436
787856
812618
860366
156319
438034
952490
732294
468053
41252
301299
612526
234295
379939
738391
775102
573577
200431
312234
570420
441861
454828
226156
72253
728528
356852
896207
692353
57119
458640
203518
453593
604339
924807
269264
919610
836037
195628
835632
352067
721819
162690
549625
9956
410008
1281
120540
172143
569394
55256
88464
291076
939250
117787
751161
910130
99859
763396
534118
98137
375664
823846
537728
84718
241693
315337
979960
238844
844940
934080
789096
918995
723976
310593
887758
315107
307031
126265
616338
396343
880253
902619
489683
411217
128876
732348
800798
624779
654574
557831
974941
139163
962438
728693
3893
195346
350840
304974
214213
700480
399265
339745
903320
584453
434330
537394
568127
339681
577738
661947
355284
733111
217484
40522
21951
777479
66464
935360
681076
189356
753888
566648
866465
798843
326138
152820
157903
90159
767122
822442
294518
507933
551643
902406
988947
924077
931044
564847
4035
194623
167372
205240
468434
340360
248110
555561
222509
262399
86429
684479
950242
798303
766495
891483
107456
370589
95186
781499
824167
70194
573492
481344
763457
888961
716454
277144
114407
316593
869342
349477
253567
324911
963637
633148
355683
724616
94199
942821
78961
789014
389598
661846
579049
793175
770438
879191
685791
930732
581149
382160
94337
975774
615312
124815
512852
904724
988156
994962
298525
195022
915464
481366
938214
435560
909680
119990
724354
678194
956371
432261
341498
92062
559788
859253
502217
926146
91801
228796
165286
777683
949571
462370
591452
424471
440614
191613
919266
332757
683212
814916
570210
724170
72415
48968
719255
339619
884054
111659
616304
659166
166490
273740
92794
684954
558340
900786
258399
958962
698548
482650
743503
414212
654980
897775
616079
659563
100504
579427
509097
377035
541989
903113
317933
550313
294140
267997
791982
431886
549767
196319
450298
939009
623294
724458
431261
207761
549690
754483
899985
360513
747333
57731
413491
742471
662527
963321
438266
27288
503188
474824
849909
901746
620656
148556
115332
24409
675299
851076
643684
314483
537773
354268
139816
238766
134713
16872
867752
494511
944190
860121
919159
715282
910477
356716
634133
255426
644982
468228
21810
334944
483938
737393
507631
908544
621242
508179
748732
126042
937798
148202
117337
644759
261040
993935
877672
297402
530369
738321
395954
132249
592472
662900
34925
5652
445570
274100
593153
240879
693303
274578
683067
459487
225445
222033
934968
84754
596335
519341
212213
368331
731970
699997
883036
425832
514222
987944
72258
585794
692747
881866
723113
587133
18063
85183
274812
764674
67292
608993
177571
870356
535884
191917
767493
382631
759079
578485
259078
207425
708897
979487
393910
778653
77204
152435
567245
330760
987007
151347
93757
660482
441862
474837
328978
190763
974209
421040
780416
198906
252411
629441
95906
522104
539157
176009
52730
885473
553047
540771
312893
114384
957027
20609
390989
144377
554338
908633
362275
519194
960262
357285
159323
119504
905821
546718
128853
310205
967827
217135
976920
61453
295009
763325
856857
792663
869169
885755
777559
274910
527047
446494
281526
241495
224704
631871
774971
252568
56124
979339
201271
423844
118521
331512
472233
490677
180053
45929
795128
446421
889784
774185
113077
32054
99619
723802
209662
97727
485175
131858
77383
841105
107205
337117
256176
306897
234661
195115
152109
731914
249085
72854
676589
194563
844123
618631
78565
397670
929214
244708
123018
820521
387863
75677
581432
681817
531463
691632
651944
493326
140151
570849
798878
96614
513093
105311
73464
211748
509392
689478
332907
25739
263936
438989
11681
435397
202459
862391
316285
639771
638062
383705
513222
498825
114582
147053
497298
970800
910854
938238
303737
528454
850837
471846
940655
329093
362848
393292
493111
726297
561922
969268
373036
166872
143861
410404
977219
425970
249061
813874
444569
878316
195955
882564
299937
235922
669950
561416
856104
755941
375406
453158
952926
9307
626590
604142
945382
588253
609916
59910
54607
698480
163267
777616
134417
706514
363965
651945
146977
288612
47581
905026
585010
686955
15405
666355
859288
868286
372299
946689
471341
832709
522826
517105
454324
985127
991586
136597
625408
781186
499353
103473
33677
901121
625594
131256
637361
476428
782403
701043
23220
798854
912243
120585
856088
922063
347436
859077
253725
14458
992356
173960
666015
159713
178146
423298
694974
647198
110826
325030
33078
410270
457749
635041
844080
56143
118896
743487
361817
61284
769159
434570
887493
282400
51586
176925
451659
67505
811430
846851
583322
753715
977520
827744
779120
146354
998601
596842
362328
851185
982813
869214
883535
300638
630486
720224
766416
727630
865906
816765
751140
844095
268069
452106
515929
901237
356879
137931
489475
982382
888935
216416
200193
664010
781816
541662
146964
7653
3787
719802
751422
902278
522921
866238
111136
209119
70060
102626
101321
385280
381798
149141
742394
890197
269767
932002
619868
776447
500485
560477
512467
247778
117856
748666
361198
674188
284328
279073
136802
297867
834894
12590
802857
657771
859192
200246
602808
378292
321047
918765
449465
784750
194936
108647
470955
236118
267905
516475
917640
896413
380163
200720
955803
181863
263874
541564
192248
44962
480279
835377
906118
30341
42124
709565
452108
454610
768819
761897
223829
233020
705219
631816
501067
916679
153616
170851
766628
339750
885521
266512
371810
938691
249737
624873
783972
778579
443195
568063
122438
7804
282397
895748
776844
656278
263303
240966
205713
816410
545892
174617
552178
93376
12871
82881
140748
111021
188699
562874
608595
825672
717523
432301
680870
201006
884509
408982
794680
876179
369160
204184
643215
832643
915062
809959
505562
442419
922963
572009
535673
843608
333080
266724
239684
721760
759226
746139
10074
997078
818414
992287
371682
266743
433418
788035
773753
530398
760202
450073
726528
673576
943467
995882
416343
673757
955265
234166
401512
263295
332772
947941
286164
798289
376821
120915
884123
351214
440395
832221
101716
261350
587680
654080
398723
408999
878221
895941
256719
979326
860664
37321
464565
963259
446479
721736
996050
197468
426316
361169
810193
566038
280577
154503
659877
221032
334277
992575
383309
815605
786565
176618
128985
169794
569706
370210
629028
817082
243124
566890
603584
841965
120638
492262
339839
807749
409900
160037
509658
799585
258914
964708
506287
813457
763122
113791
372877
190853
938414
274823
365851
572859
976356
472031
430515
704371
958320
902636
804479
585215
994219
172730
414027
705370
15705
190472
615150
667652
504615
526778
305193
926360
124631
659604
783621
231537
479500
913210
694463
985370
986191
272824
191987
661047
367920
652501
28994
56697
268206
295995
325809
731535
433050
250881
609758
514884
648691
974796
475792
104875
813916
559899
828245
815018
484559
563870
260473
378465
241554
706598
742990
18401
567306
368953
361236
63555
910148
337667
925055
897625
302773
121002
721094
134545
784401
136816
551980
533471
835284
955537
980609
245032
85900
696133
939253
526988
228307
20627
636790
764183
37066
520131
533840
686823
534015
111637
701603
388660
47485
694316
34047
822645
482547
340749
155820
502188
382179
926667
165808
288431
334487
398609
557206
502105
890739
401649
755524
927827
422935
216976
534485
938452
504637
613588
568352
929988
235614
265313
420846
821740
776152
232195
205856
154334
122314
732637
252769
28243
928554
67971
954642
251102
116703
156703
332419
730094
544554
116952
94233
262628
680867
604152
702257
869933
757543
884351
328393
650940
160430
343658
50175
635429
538690
926172
289496
56130
978615
766137
385697
229722
790390
38340
681280
750255
223430
791603
70976
851007
971840
350117
592743
423856
348949
127035
271922
818810
524742
62067
744021
462556
700572
48192
626181
295528
122657
699510
525280
540964
267748
421113
751555
773268
774218
299061
39157
571856
687803
179534
811515
620257
720412
965959
430752
946880
410578
512013
501377
279692
648693
282355
151835
812300
608961
46221
698376
770443
757253
785581
49845
689547
848118
611318
104378
882614
899750
357833
960172
651978
724918
353857
423977
480041
658470
960678
256503
895366
290814
126957
771865
764525
349002
304974
454867
136313
879123
820678
934651
971359
333031
317896
976550
873173
640605
990579
841959
465889
665684
364730
35561
591605
680289
970235
911772
494732
723639
851828
104605
806485
194109
613462
266957
584817
706679
181613
472748
237131
246698
829978
913108
331222
942624
871302
787890
616282
315437
822157
633733
341730
505456
919605
135876
122526
132954
5423
536860
653952
963514
447829
701454
978633
907403
277372
814861
590877
823411
356360
295193
476363
385371
416368
549521
854294
58555
808033
304084
184893
398024
548207
987537
566447
125959
348053
184371
828307
711450
751538
921963
213489
581976
455971
199827
688065
536276
47855
859154
131438
59272
277297
29773
197289
914485
105324
978523
965921
904268
271392
329745
907948
40214
999739
918210
44175
446483
358532
917994
201130
935754
520013
295152
208825
983400
822628
755458
422380
118459
438203
142923
371979
453269
346870
714057
225913
952134
197631
235191
367436
411595
187016
220115
819793
934381
706817
949121
907815
66072
514471
550827
32185
914335
481387
218782
803355
461080
984204
843616
83743
74077
25037
470077
382705
978859
504036
514734
218412
914797
81269
941687
388933
910729
449308
775257
365829
934863
358624
854776
770583
0
0
0
0
0
0
0
0
0
0
0
0
0
0
0
0
0
0
0
0
0
0
0
0
0
0
0
0
0
0
0
0
0
0
0
0
0
0
0
0
0
0
0
0
0
0
0
0
0
0
0
0
0
0
0
0
0
0
0
0
0
0
0
0
0
0
0
0
0
0
0
0
0
0
0
0
0
0
0
0
0
0
0
0
0
0
0
0
0
0
0
0
0
0
0
0
0
0
0
0
0
0
0
0
0
0
0
0
0
0
0
0
0
0
0
0
0
0
0
0
0
0
0
0
0
0
0
0
0
0
0
0
0
0
0
0
0
0
0
0
0
0
0
0
0
0
0
0
0
0
0
0
0
0
0
0
0
0
0
0
0
0
0
0
0
0
0
0
0
0
0
0
0
0
0
0
0
0
0
0
0
0
0
0
0
0
0
0
0
0
0
0
0
0
0
0
0
0
0
0
0
0
0
0
0
0
0
0
0
0
0
0
0
0
0
0
0
0
0
0
0
0
0
0
0
0
0
0
0
0
0
0
0
0
0
0
0
0
0
0
0
0
0
0
0
0
0
0
0
0
0
0
0
0
0
0
0
0
0
0
0
0
0
0
0
0
0
0
0
0
0
0
0
0
0
0
0
0
0
0
0
0
0
0
0
0
0
0
0
0
0
0
0
0
0
0
0
0
0
0
0
0
0
0
0
0
0
0
0
0
0
0
0
0
0
0
0
0
0
0
0
0
0
0
0
0
0
0
0
0
0
0
0
0
0
0
0
0
0
0
0
0
0
0
0
0
0
0
0
0
0
0
0
0
0
0
0
0
0
0
0
0
0
0
0
0
0
0
0
0
0
0
0
0
0
0
0
0
0
0
0
0
0
0
0
0
0
0
0
0
0
0
0
0
0
0
0
0
0
0
0
0
0
0
0
0
0
0
0
0
0
0
0
0
0
0
0
0
0
0
0
0
0
0
0
0
0
0
0
0
0
0
0
0
0
0
0
0
0
0
0
0
0
0
0
0
0
0
0
0
0
0
0
0
0
0
0
0
0
0
0
0
0
0
0
0
0
0
0
0
0
0
0
0
0
0
0
0
0
0
0
0
0
0
0
0
0
0
0
0
0
0
0
0
0
0
0
0
0
0
0
0
0
0
0
0
0
0
0
0
0
0
0
0
0
0
0
0
0
0
0
0
0
0
0
0
0
0
0
0
0
0
0
0
0
0
0
0
0
0
0
0
0
0
0
0
0
0
0
0
0
0
0
0
0
0
0
0
0
0
0
0
0
0
0
0
0
0
0
0
0
0
0
0
0
0
0
0
0
0
0
0
0
0
0
0
0
0
0
0
0
0
0
0
0
0
0
0
0
0
0
0
0
0
0
0
0
0
0
0
0
0
0
0
0
0
0
0
0
0
0
0
0
0
0
0
0
0
0
0
0
0
0
0
0
0
0
0
0
0
0
0
0
0
0
0
0
0
0
0
0
0
0
0
0
0
0
0
0
0
0
0
0
0
0
0
0
0
0
0
0
0
0
0
0
0
0
0
0
0
0
0
0
0
0
0
0
0
0
0
0
0
0
0
0
0
0
0
0
0
0
0
0
0
0
0
0
0
0
0
0
0
0
0
0
0
0
0
0
0
0
0
0
0
0
0
0
0
0
0
0
0
0
0
0
0
0
0
0
0
0
0
0
0
0
0
0
0
0
0
0
0
0
0
0
0
0
0
0
0
0
0
0
0
0
0
0
0
0
0
0
0
0
0
0
0
0
0
0
0
0
0
0
0
0
0
0
0
0
0
0
0
0
0
0
0
0
0
0
0
0
0
0
0
0
0
0
0
0
0
0
0
0
0
0
0
0
0
0
0
0
0
0
0
0
0
0
0
0
0
0
0
0
0
0
0
0
0
0
0
0
0
0
0
0
0
0
0
0
0
0
0
0
0
0
0
0
0
0
0
0
0
0
0
0
0
0
0
0
0
0
0
0
0
0
0
0
0
0
0
0
0
0
0
0
0
0
0
0
0
0
0
0
0
0
0
0
0
0
0
0
0
0
0
0
0
0
0
0
0
0
0
0
0
0
0
0
0
0
0
0
0
0
0
0
0
0
0
0
0
0
0
0
0
0
0
0
0
0
0
0
0
0
0
0
0
0
0
0
0
0
0
0
0
0
0
0
0
0
0
0
0
0
0
0
0
0
0
0
0
0
0
0
0
0
0
0
0
0
0
0
0
0
0
0
0
0
0
0
0
0
0
0
0
0
0
0
0
0
0
0
0
0
0
0
0
0
0
0
0
0
0
0
0
0
0
0
0
0
0
0
0
0
0
0
0
0
0
0
0
0
0
0
0
0
0
0
0
0
0
0
0
0
0
0
0
0
0
0
0
0
0
0
0
0
0
0
0
0
0
0
0
0
0
0
0
0
0
0
0
0
0
0
0
0
0
0
0
0
0
0
0
0
0
0
0
0
0
0
0
0
0
0
0
0
0
0
0
0
0
0
0
0
0
0
0
0
0
0
0
0
0
0
0
0
0
0
0
0
0
0
0
0
0
0
0
0
0
0
0
0
0
0
0
0
0
0
0
0
0
0
0
0
0
0
0
0
0
0
0
0
0
0
0
0
0
0
0
0
0
0
0
0
0
0
0
0
0
0
0
0
0
0
0
0
0
0
0
0
0
0
0
0
0
0
0
0
0
0
0
0
0
0
0
0
0
0
0
0
0
0
0
0
0
0
0
0
0
0
0
0
0
0
0
0
0
0
0
0
0
0
0
0
0
0
0
0
0
0
0
0
0
0
0
0
0
0
0
0
0
0
0
0
0
0
0
0
0
0
0
0
0
0
0
0
0
0
0
0
0
0
0
0
0
0
0
0
0
0
0
0
0
0
0
0
0
0
0
0
0
0
0
0
0
0
0
0
0
0
0
0
0
0
0
0
0
0
0
0
0
0
0
0
0
0
0
0
0
0
0
0
0
0
0
0
0
0
0
0
0
0
0
0
0
0
0
0
0
0
0
0
0
0
0
0
0
0
0
0
0
0
0
0
0
0
0
0
0
0
0
0
0
0
0
0
0
0
0
0
0
0
0
0
0
0
0
0
0
0
0
0
0
0
0
0
0
0
0
0
0
0
0
0
0
0
0
0
0
0
0
0
0
0
0
0
0
0
0
0
0
0
0
0
0
0
0
0
0
0
0
0
0
0
0
0
0
0
0
0
0
0
0
0
0
0
0
0
0
0
0
0
0
0
0
0
0
0
0
0
0
0
0
0
0
0
0
0
0
0
0
0
0
0
0
0
0
0
0
0
0
0
0
0
0
0
0
0
0
0
0
0
0
0
0
0
0
0
0
0
0
0
0
0
0
0
0
0
0
0
0
0
0
0
0
0
0
0
0
0
0
0
0
0
0
0
0
0
0
0
0
0
0
0
0
0
0
0
0
0
0
0
0
0
0
0
0
0
0
0
0
0
0
0
0
0
0
0
0
0
0
0
0
0
0
0
0
0
0
0
0
0
0
0
0
0
0
0
0
0
0
0
0
0
0
0
0
0
0
0
0
0
0
0
0
0
0
0
0
0
0
0
0
0
0
0
0
0
0
0
0
0
0
0
0
